 6
 2
 5
 3
 4
 1
 8
 10
 7
 9
 11
 12
 13
 14
 16
 15
 17
 18
 19
 20
 21
 22
 23
 24
 25
 26
 27
 28
 29
 30
 31
 33
 32
 34
 35
 36
 41 [35 5] [35 10] [35 30] [35 15] [35 25]
 37
 42 [35 30] [35 5] [35 15] [35 25] [35 10]
 39
 38
 40
 43 [35 10] [35 15] [35 25] [35 30] [35 5]
 44 [35 10] [35 25] [35 5] [35 30] [35 15]
 46 [35 25] [35 10] [35 15] [35 30] [35 5]
 45 [35 30] [35 10] [35 15] [35 5] [35 25]
 48 [35 5] [35 25] [35 15] [35 30] [35 10]
 47 [35 5] [35 30] [35 10] [35 25] [35 15]
 49 [35 25] [35 5] [35 15] [35 30] [35 10]
 50 [35 15] [35 10] [35 5] [35 30] [35 25]
 51 [35 15] [35 10] [30 25] [30 15] [35 5]
 54 [30 15] [35 10] [35 15] [35 5] [30 25]
 53 [35 5] [35 10] [30 25] [35 15] [30 15]
 52 [35 15] [30 25] [30 15] [35 10] [35 5]
 55 [35 15] [30 25] [30 15] [35 5] [35 10]
 56 [35 10] [30 25] [30 15] [35 15] [35 5]
 57 [30 15] [35 10] [35 15] [35 5] [30 25]
 59 [35 10] [35 15] [30 25] [35 5] [30 15]
 58 [35 10] [35 5] [35 15] [30 25] [30 15]
 60 [35 15] [30 25] [35 10] [30 15] [35 5]
 61 [35 5] [30 15] [35 15] [35 10] [30 10]
 62 [30 10] [35 15] [35 5] [35 10] [30 15]
 63 [30 15] [35 5] [35 15] [35 10] [30 10]
 64 [35 15] [30 10] [35 10] [35 5] [30 15]
 65 [35 5] [30 15] [35 10] [35 15] [30 10]
 66 [35 5] [30 10] [35 10] [30 15] [35 15]
 67 [35 15] [30 15] [35 10] [30 10] [35 5]
 68 [35 5] [30 15] [35 10] [30 10] [35 15]
 69 [30 10] [35 10] [30 15] [35 5] [35 15]
 70 [35 10] [35 5] [30 15] [35 15] [30 10]
 71 [30 15] [35 5] [35 15] [35 10] [30 10]
 72 [35 10] [35 5] [35 15] [30 15] [30 10]
 73 [30 15] [35 10] [35 5] [30 10] [35 15]
 74 [35 10] [30 10] [35 15] [35 5] [30 15]
 75 [35 15] [35 5] [30 10] [35 10] [30 15]
 76 [35 15] [35 10] [30 15] [35 5] [30 10]
 77 [35 5] [30 15] [35 15] [35 10] [30 10]
 78 [35 10] [35 15] [35 5] [30 15] [30 10]
 79 [30 15] [35 5] [35 10] [35 15] [30 10]
 80 [35 10] [30 10] [35 15] [35 5] [30 15]
 81 [35 30] [35 5] [35 35] [30 10] [35 10] [30 15] [35 15] [30 25] [35 25] [30 30]
 82 [35 15] [35 5] [30 15] [35 10] [35 25] [30 30] [30 25] [35 35] [35 30] [30 10]
 83 [35 5] [35 35] [35 30] [35 15] [30 25] [35 25] [30 10] [30 15] [35 10] [30 30]
 84 [30 30] [30 15] [35 25] [35 35] [35 30] [35 5] [30 10] [30 25] [35 15] [35 10]
 85 [35 35] [35 30] [30 30] [35 10] [30 10] [35 15] [30 15] [30 25] [35 25] [35 5]
 86 [35 30] [35 35] [30 10] [30 15] [35 25] [30 25] [35 5] [30 30] [35 10] [35 15]
 88 [35 25] [35 15] [30 15] [35 35] [35 30] [35 5] [35 10] [30 30] [30 25] [30 10]
 89 [35 15] [30 25] [35 10] [35 5] [35 30] [30 15] [30 30] [35 35] [35 25] [30 10]
 87 [30 10] [35 25] [35 10] [35 30] [30 30] [30 25] [30 15] [35 15] [35 5] [35 35]
 90 [35 15] [35 25] [30 30] [35 35] [30 25] [35 30] [30 15] [35 10] [30 10] [35 5]
 93 [35 10] [35 15] [30 25] [30 30] [30 35] [35 5] [30 5] [30 10] [30 15] [25 15]
 94 [30 5] [30 10] [30 30] [30 15] [30 35] [35 15] [30 25] [35 5] [25 15] [35 10]
 91 [30 35] [35 5] [25 15] [35 10] [35 15] [30 25] [30 30] [30 15] [30 5] [30 10]
 92 [30 10] [30 35] [35 15] [30 25] [35 10] [30 5] [30 30] [35 5] [25 15] [30 15]
 95 [30 30] [30 5] [35 5] [25 15] [30 10] [35 10] [35 15] [30 15] [30 35] [30 25]
 96 [30 5] [30 10] [35 15] [30 30] [30 15] [30 25] [35 10] [35 5] [30 35] [25 15]
 98 [30 25] [25 15] [35 15] [30 5] [35 10] [30 35] [30 30] [30 10] [30 15] [35 5]
 97 [30 30] [35 10] [30 5] [30 15] [30 10] [25 15] [35 15] [35 5] [30 35] [30 25]
 99 [30 15] [30 30] [30 35] [35 15] [30 5] [30 25] [30 10] [35 10] [35 5] [25 15]
 100 [35 10] [30 30] [30 15] [30 25] [30 5] [30 10] [25 15] [35 15] [30 35] [35 5]
 101 [25 10] [25 5] [35 10] [20 15] [30 10] [30 15] [35 15] [35 5] [25 15] [30 5]
 102 [35 15] [25 5] [25 10] [30 10] [35 10] [20 15] [30 5] [35 5] [25 15] [30 15]
 103 [30 15] [35 10] [25 5] [30 10] [35 5] [25 15] [35 15] [30 5] [25 10] [20 15]
 104 [25 10] [35 15] [25 5] [30 5] [30 15] [20 15] [25 15] [30 10] [35 10] [35 5]
 106 [25 5] [35 15] [25 15] [30 15] [30 5] [35 10] [25 10] [35 5] [20 15] [30 10]
 105 [25 5] [30 15] [20 15] [25 15] [30 5] [25 10] [30 10] [35 5] [35 15] [35 10]
 107 [35 5] [30 10] [25 10] [30 15] [20 15] [35 10] [35 15] [25 15] [30 5] [25 5]
 108 [25 10] [30 15] [25 5] [20 15] [30 10] [35 5] [30 5] [25 15] [35 15] [35 10]
 109 [20 15] [35 10] [30 10] [25 10] [30 15] [30 5] [35 5] [35 15] [25 15] [25 5]
 110 [30 10] [25 10] [25 15] [30 15] [30 5] [35 10] [25 5] [35 5] [20 15] [35 15]
 111 [30 10] [35 5] [20 15] [25 5] [25 10] [35 15] [30 15] [30 5] [35 10] [25 15]
 112 [30 5] [35 10] [35 5] [20 15] [25 5] [30 15] [30 10] [35 15] [25 15] [25 10]
 113 [35 5] [25 5] [25 15] [35 15] [35 10] [20 15] [30 15] [30 10] [25 10] [30 5]
 114 [25 15] [35 5] [25 5] [30 10] [30 5] [35 15] [25 10] [20 15] [30 15] [35 10]
 115 [25 15] [25 10] [35 15] [25 5] [30 10] [35 10] [30 5] [30 15] [20 15] [35 5]
 116 [30 5] [30 10] [25 15] [20 15] [25 10] [35 15] [35 10] [35 5] [25 5] [30 15]
 117 [35 15] [25 5] [25 10] [30 15] [30 10] [35 5] [30 5] [25 15] [20 15] [35 10]
 118 [35 5] [35 15] [30 10] [25 10] [35 10] [20 15] [25 5] [25 15] [30 5] [30 15]
 119 [35 10] [20 15] [35 5] [25 10] [30 10] [25 15] [30 5] [25 5] [35 15] [30 15]
 120 [35 10] [30 10] [25 5] [25 15] [35 5] [35 15] [30 15] [25 10] [30 5] [20 15]
 121 [35 25] [30 5] [25 15] [35 5] [25 25] [30 25] [35 35] [30 35] [35 15] [30 30] [30 10] [35 30] [30 15] [25 10] [35 10]
 122 [35 5] [30 15] [30 25] [35 25] [30 30] [35 15] [30 5] [30 35] [25 15] [35 30] [30 10] [35 35] [25 25] [35 10] [25 10]
 123 [30 5] [35 30] [25 25] [35 15] [30 35] [35 25] [25 15] [35 10] [30 15] [30 30] [35 35] [30 10] [25 10] [35 5] [30 25]
 124 [30 30] [30 25] [30 15] [35 25] [30 10] [25 10] [35 10] [30 5] [35 35] [25 25] [35 5] [25 15] [30 35] [35 30] [35 15]
 125 [30 10] [25 15] [30 15] [35 35] [35 15] [30 25] [30 30] [35 30] [30 5] [35 25] [25 10] [30 35] [35 5] [35 10] [25 25]
 127 [35 30] [25 25] [30 15] [35 35] [35 25] [25 15] [25 10] [30 5] [30 10] [30 25] [30 35] [35 15] [35 10] [35 5] [30 30]
 126 [30 15] [25 25] [30 35] [30 5] [25 15] [30 30] [35 30] [35 15] [35 5] [35 25] [25 10] [35 35] [30 10] [30 25] [35 10]
 128 [30 25] [30 10] [25 15] [35 15] [30 35] [35 10] [35 30] [35 25] [30 15] [30 30] [25 25] [35 35] [25 10] [30 5] [35 5]
 129 [30 5] [25 10] [35 5] [30 35] [30 30] [25 15] [35 10] [35 35] [35 25] [30 10] [35 15] [35 30] [30 25] [25 25] [30 15]
 130 [35 35] [30 10] [30 15] [35 15] [30 25] [35 30] [35 10] [25 25] [25 15] [25 10] [35 5] [30 30] [30 35] [30 5] [35 25]
 131 [30 10] [25 25] [30 30] [25 15] [30 15] [30 25] [25 10] [35 10] [25 30] [25 5] [30 35] [35 15] [35 5] [25 35] [30 5]
 132 [25 15] [35 5] [25 30] [25 10] [25 35] [30 5] [25 25] [30 25] [30 30] [30 10] [30 35] [35 10] [30 15] [25 5] [35 15]
 134 [25 5] [30 30] [25 35] [35 10] [30 15] [25 30] [35 5] [25 15] [30 25] [25 25] [25 10] [30 35] [35 15] [30 5] [30 10]
 133 [30 25] [25 25] [25 35] [35 10] [25 5] [30 5] [30 35] [30 10] [35 5] [25 30] [25 10] [30 30] [25 15] [30 15] [35 15]
 135 [35 10] [25 35] [25 5] [25 10] [30 10] [25 30] [35 15] [30 35] [30 25] [30 15] [30 5] [35 5] [25 25] [25 15] [30 30]
 136 [35 10] [30 5] [25 15] [25 35] [30 15] [25 25] [25 30] [25 5] [30 35] [30 25] [30 30] [35 15] [30 10] [35 5] [25 10]
 137 [25 5] [30 35] [35 15] [30 15] [30 30] [25 10] [30 10] [25 30] [25 35] [25 25] [25 15] [30 25] [35 5] [30 5] [35 10]
 138 [30 25] [35 15] [30 10] [35 10] [30 15] [25 10] [25 25] [30 30] [30 35] [25 30] [25 5] [35 5] [25 35] [30 5] [25 15]
 139 [25 5] [30 25] [30 10] [25 35] [35 5] [25 15] [30 30] [25 25] [25 30] [30 15] [30 35] [30 5] [25 10] [35 10] [35 15]
 140 [30 35] [30 30] [25 30] [35 15] [35 5] [30 10] [30 25] [25 35] [30 15] [35 10] [25 25] [25 10] [30 5] [25 15] [25 5]
 141 [20 35] [35 10] [20 5] [20 30] [30 10] [30 5] [25 5] [20 10] [35 5] [30 15] [20 25] [35 15] [20 15] [25 10] [25 15]
 143 [20 10] [30 5] [35 5] [25 5] [20 5] [30 10] [20 25] [25 10] [35 10] [25 15] [35 15] [20 15] [20 35] [30 15] [20 30]
 142 [20 35] [35 15] [25 10] [30 5] [20 25] [30 15] [25 5] [25 15] [30 10] [20 5] [20 10] [35 10] [20 30] [35 5] [20 15]
 144 [20 15] [20 10] [20 25] [25 10] [35 15] [20 30] [20 35] [35 5] [30 5] [30 10] [25 15] [25 5] [35 10] [20 5] [30 15]
 145 [20 25] [20 5] [35 10] [20 15] [25 5] [20 10] [35 5] [20 30] [35 15] [25 15] [30 15] [25 10] [30 5] [20 35] [30 10]
 147 [20 25] [20 30] [30 15] [20 35] [20 15] [30 10] [25 15] [35 10] [35 15] [35 5] [25 5] [20 10] [30 5] [25 10] [20 5]
 146 [30 5] [20 25] [20 15] [35 10] [25 5] [20 35] [20 10] [30 10] [20 5] [25 15] [35 5] [30 15] [20 30] [35 15] [25 10]
 148 [35 10] [25 15] [20 30] [35 15] [20 5] [35 5] [20 35] [25 5] [30 15] [25 10] [20 15] [30 10] [20 10] [20 25] [30 5]
 149 [25 10] [30 5] [35 5] [20 35] [30 10] [20 15] [20 10] [20 30] [35 15] [35 10] [20 5] [20 25] [30 15] [25 15] [25 5]
 150 [30 5] [20 35] [30 10] [20 25] [35 5] [20 15] [35 15] [35 10] [20 10] [25 5] [20 30] [30 15] [20 5] [25 10] [25 15]
 151 [30 10] [30 15] [15 10] [30 5] [15 25] [20 5] [20 10] [20 15] [25 15] [35 5] [35 15] [25 10] [35 10] [15 15] [25 5]
 152 [35 10] [30 15] [25 5] [15 10] [35 15] [30 5] [15 15] [35 5] [20 5] [15 25] [20 10] [25 15] [20 15] [25 10] [30 10]
 153 [35 15] [20 5] [35 10] [20 15] [30 5] [25 5] [15 15] [30 15] [15 25] [25 15] [15 10] [25 10] [30 10] [35 5] [20 10]
 154 [15 10] [20 15] [25 10] [25 5] [25 15] [35 10] [35 15] [35 5] [20 10] [15 15] [30 5] [30 10] [30 15] [20 5] [15 25]
 155 [15 10] [20 5] [25 15] [30 15] [35 15] [35 5] [30 5] [25 10] [30 10] [20 15] [20 10] [15 25] [35 10] [15 15] [25 5]
 156 [30 10] [25 5] [30 5] [20 10] [35 10] [35 5] [25 15] [15 10] [15 15] [35 15] [15 25] [30 15] [20 15] [25 10] [20 5]
 157 [15 15] [35 10] [25 10] [15 10] [30 5] [20 10] [20 15] [30 15] [25 5] [25 15] [30 10] [35 15] [35 5] [15 25] [20 5]
 158 [35 15] [30 5] [20 5] [35 5] [15 15] [30 10] [25 5] [30 15] [25 15] [15 25] [35 10] [15 10] [20 10] [25 10] [20 15]
 159 [25 10] [35 10] [15 25] [35 15] [25 15] [35 5] [15 10] [30 5] [25 5] [15 15] [30 15] [30 10] [20 10] [20 15] [20 5]
 161 [35 25] [30 10] [35 35] [35 30] [35 5] [20 15] [30 5] [25 30] [30 30] [25 15] [25 35] [30 25] [25 5] [20 25] [30 35] [25 25] [35 10] [25 10] [30 15] [35 15]
 160 [35 5] [15 25] [15 15] [25 15] [15 10] [30 15] [25 10] [30 5] [20 5] [25 5] [35 10] [20 10] [30 10] [20 15] [35 15]
 162 [30 25] [30 5] [25 15] [20 25] [30 10] [35 25] [35 35] [30 35] [30 30] [25 10] [25 30] [25 5] [20 15] [25 25] [30 15] [35 30] [25 35] [35 10] [35 15] [35 5]
 163 [25 30] [20 15] [30 10] [25 35] [30 25] [30 15] [25 5] [30 30] [35 10] [30 35] [35 30] [35 5] [35 15] [25 15] [35 25] [35 35] [25 25] [30 5] [20 25] [25 10]
 164 [35 25] [30 35] [30 10] [25 25] [25 35] [20 25] [30 25] [35 5] [25 10] [25 30] [30 15] [30 30] [35 15] [20 15] [35 30] [25 15] [35 35] [30 5] [25 5] [35 10]
 166 [30 10] [25 15] [35 15] [25 25] [35 35] [35 25] [25 30] [35 30] [30 30] [30 35] [35 10] [20 25] [35 5] [30 15] [25 5] [30 5] [20 15] [25 10] [30 25] [25 35]
 165 [35 10] [20 25] [25 30] [20 15] [25 35] [35 15] [30 5] [30 25] [35 5] [30 35] [25 15] [25 25] [35 30] [35 35] [25 10] [25 5] [30 15] [30 10] [35 25] [30 30]
 167 [30 35] [30 25] [35 10] [30 15] [35 25] [20 25] [35 5] [35 30] [30 10] [25 15] [30 5] [25 25] [35 15] [30 30] [25 5] [20 15] [35 35] [25 30] [25 10] [25 35]
 168 [30 5] [25 5] [30 15] [25 30] [25 35] [35 35] [30 30] [25 15] [35 30] [35 15] [30 25] [30 10] [35 10] [20 25] [35 5] [20 15] [25 25] [25 10] [35 25] [30 35]
 169 [25 25] [30 25] [25 5] [35 35] [30 10] [35 10] [25 10] [25 30] [30 35] [25 15] [35 25] [20 25] [35 15] [30 30] [30 15] [35 30] [30 5] [20 15] [25 35] [35 5]
 170 [30 5] [20 15] [25 10] [30 25] [35 25] [25 5] [35 35] [25 30] [30 15] [35 10] [35 5] [30 10] [30 30] [35 30] [20 25] [25 25] [35 15] [25 15] [25 35] [30 35]
 171 [30 25] [30 15] [25 30] [20 30] [30 10] [35 10] [30 5] [20 25] [25 25] [35 5] [20 15] [25 5] [20 5] [25 10] [25 35] [25 15] [30 30] [20 10] [35 15] [30 35]
 173 [25 35] [25 25] [35 10] [25 5] [25 30] [30 30] [35 15] [20 25] [20 30] [20 10] [25 15] [25 10] [35 5] [30 5] [30 15] [30 10] [30 25] [30 35] [20 5] [20 15]
 172 [25 15] [20 25] [30 35] [30 10] [30 30] [35 15] [25 5] [25 25] [35 10] [30 25] [20 15] [20 5] [25 10] [30 5] [25 35] [20 30] [30 15] [25 30] [35 5] [20 10]
 174 [35 10] [30 10] [20 15] [30 30] [25 5] [35 5] [20 10] [25 15] [30 25] [25 35] [20 5] [30 35] [30 15] [25 10] [30 5] [20 25] [35 15] [25 25] [25 30] [20 30]
 175 [20 25] [35 5] [20 15] [35 15] [25 15] [20 30] [30 35] [25 30] [30 25] [30 15] [25 25] [30 30] [25 5] [20 10] [25 35] [30 5] [30 10] [20 5] [25 10] [35 10]
 176 [30 35] [25 15] [35 15] [20 10] [20 30] [30 25] [30 10] [25 30] [20 5] [25 5] [30 5] [30 15] [35 5] [25 35] [20 25] [25 25] [35 10] [30 30] [20 15] [25 10]
 177 [25 5] [20 10] [35 10] [25 30] [35 5] [20 5] [30 10] [20 30] [30 25] [20 15] [30 35] [30 15] [20 25] [30 30] [25 10] [25 35] [25 25] [35 15] [30 5] [25 15]
 178 [20 5] [20 15] [25 30] [30 25] [25 25] [25 10] [30 30] [20 10] [30 15] [30 35] [25 5] [30 5] [30 10] [20 25] [25 35] [35 15] [35 5] [20 30] [25 15] [35 10]
 179 [25 30] [20 5] [25 15] [35 5] [20 10] [25 25] [20 15] [30 30] [35 10] [30 5] [20 25] [30 35] [20 30] [25 5] [30 10] [25 35] [30 25] [30 15] [25 10] [35 15]
 180 [25 25] [35 5] [20 25] [30 5] [25 5] [35 15] [20 15] [20 5] [35 10] [25 15] [25 10] [25 30] [30 30] [30 10] [20 30] [30 15] [30 25] [25 35] [20 10] [30 35]
 181 [20 25] [25 5] [15 5] [15 30] [35 15] [30 5] [30 15] [20 15] [20 35] [20 30] [20 10] [15 10] [35 10] [20 5] [30 10] [15 25] [15 15] [25 15] [35 5] [25 10]
 182 [35 5] [30 15] [20 25] [20 30] [25 15] [35 10] [25 5] [15 30] [15 5] [25 10] [20 15] [20 10] [35 15] [15 10] [20 5] [20 35] [15 15] [30 10] [15 25] [30 5]
 183 [20 15] [25 10] [30 5] [25 5] [15 25] [30 10] [35 15] [35 10] [20 35] [20 5] [20 30] [15 10] [15 15] [15 30] [35 5] [20 25] [15 5] [25 15] [20 10] [30 15]
 184 [20 5] [30 15] [20 30] [15 30] [15 5] [25 15] [15 10] [20 10] [20 15] [35 5] [35 15] [25 10] [20 35] [20 25] [25 5] [15 25] [30 10] [35 10] [30 5] [15 15]
 185 [30 15] [30 5] [20 25] [20 10] [15 5] [25 5] [20 35] [15 25] [35 5] [25 15] [20 30] [20 5] [15 10] [35 15] [20 15] [15 30] [35 10] [15 15] [30 10] [25 10]
 186 [25 5] [20 10] [25 15] [15 25] [35 15] [15 30] [20 5] [20 25] [15 10] [30 10] [15 5] [35 10] [15 15] [25 10] [30 5] [20 15] [35 5] [30 15] [20 30] [20 35]
 187 [20 10] [15 25] [20 15] [25 10] [15 5] [25 5] [35 10] [20 30] [25 15] [15 30] [30 15] [35 15] [15 10] [20 5] [15 15] [20 35] [35 5] [30 5] [30 10] [20 25]
 188 [20 30] [15 10] [20 10] [25 10] [35 10] [20 35] [20 25] [20 15] [20 5] [35 5] [15 15] [15 25] [30 15] [15 30] [15 5] [35 15] [25 5] [30 5] [30 10] [25 15]
 189 [15 5] [20 25] [30 15] [15 15] [20 10] [15 25] [30 5] [20 15] [25 10] [25 5] [35 10] [30 10] [20 35] [25 15] [15 30] [35 5] [20 5] [15 10] [35 15] [20 30]
 190 [30 5] [25 10] [15 5] [20 15] [35 10] [35 5] [20 30] [25 5] [15 15] [25 15] [15 10] [20 25] [15 25] [20 10] [15 30] [30 10] [20 5] [20 35] [30 15] [35 15]
 191 [35 5] [15 35] [25 5] [20 5] [20 15] [20 10] [15 25] [10 25] [15 15] [35 10] [30 15] [10 15] [15 10] [15 30] [30 10] [25 15] [30 5] [25 10] [35 15] [15 5]
 192 [25 5] [15 25] [15 35] [15 30] [15 5] [10 15] [10 25] [35 10] [30 15] [25 10] [30 10] [30 5] [35 5] [35 15] [20 10] [15 10] [20 5] [15 15] [25 15] [20 15]
 193 [10 25] [30 5] [15 10] [15 35] [25 5] [15 30] [10 15] [35 15] [20 5] [25 10] [35 5] [20 10] [15 15] [20 15] [15 25] [25 15] [15 5] [35 10] [30 15] [30 10]
 194 [20 15] [20 10] [15 10] [25 15] [15 35] [25 5] [15 25] [30 5] [30 10] [30 15] [10 15] [20 5] [35 15] [15 5] [10 25] [35 10] [15 15] [15 30] [35 5] [25 10]
 195 [30 5] [30 10] [35 10] [15 10] [25 15] [25 10] [15 15] [15 35] [20 15] [30 15] [35 15] [35 5] [25 5] [10 15] [20 5] [15 5] [15 25] [20 10] [10 25] [15 30]
 196 [25 10] [15 25] [20 5] [15 5] [25 5] [35 10] [15 30] [35 5] [15 15] [30 10] [15 35] [35 15] [25 15] [30 15] [10 25] [20 10] [30 5] [20 15] [10 15] [15 10]
 197 [30 5] [35 15] [15 15] [35 5] [30 10] [25 10] [15 30] [10 15] [35 10] [25 15] [15 10] [15 35] [20 10] [10 25] [15 5] [15 25] [25 5] [20 5] [20 15] [30 15]
 198 [20 15] [25 5] [15 25] [15 5] [20 10] [15 35] [20 5] [15 10] [35 5] [15 30] [15 15] [35 15] [30 5] [10 25] [25 10] [30 10] [25 15] [30 15] [35 10] [10 15]
 199 [15 30] [25 5] [20 10] [35 5] [15 15] [15 5] [30 5] [10 15] [25 10] [35 10] [20 15] [20 5] [25 15] [10 25] [30 10] [15 35] [15 10] [15 25] [30 15] [35 15]
 200 [20 10] [15 10] [35 10] [20 5] [15 5] [30 5] [25 15] [10 25] [10 15] [35 15] [15 25] [15 35] [30 15] [25 10] [25 5] [30 10] [35 5] [20 15] [15 30] [15 15]
 201
 202
 203
 204
 205
 206
 207
 208
 209
 210
 211
 212
 213
 214
 216
 215
 217
 218
 219
 220
 221
 222
 223
 224
 225
 226
 227
 228
 230
 229
 231
 232
 233
 234
 235
 236
 237
 238
 239
 241 [35 10] [35 15] [35 30] [35 5] [35 25]
 242 [35 30] [35 5] [35 25] [35 15] [35 10]
 240
 243 [35 30] [35 25] [35 15] [35 5] [35 10]
 244 [35 30] [35 5] [35 25] [35 10] [35 15]
 245 [35 30] [35 15] [35 5] [35 10] [35 25]
 246 [35 25] [35 10] [35 30] [35 15] [35 5]
 247 [35 30] [35 25] [35 15] [35 10] [35 5]
 248 [35 5] [35 15] [35 10] [35 30] [35 25]
 249 [35 15] [35 10] [35 25] [35 30] [35 5]
 250 [35 15] [35 25] [35 30] [35 10] [35 5]
 251 [35 10] [30 15] [30 25] [35 5] [35 15]
 252 [35 10] [35 5] [35 15] [30 15] [30 25]
 253 [35 5] [35 10] [30 15] [35 15] [30 25]
 254 [35 5] [30 25] [30 15] [35 15] [35 10]
 255 [35 5] [35 15] [30 25] [30 15] [35 10]
 256 [30 25] [30 15] [35 5] [35 15] [35 10]
 257 [35 5] [35 15] [35 10] [30 15] [30 25]
 258 [30 15] [30 25] [35 15] [35 10] [35 5]
 259 [30 15] [35 5] [35 15] [35 10] [30 25]
 260 [30 25] [35 15] [35 10] [30 15] [35 5]
 261 [30 15] [35 15] [35 10] [30 10] [35 5]
 262 [35 10] [30 10] [35 15] [35 5] [30 15]
 263 [30 15] [35 5] [35 15] [30 10] [35 10]
 264 [30 10] [30 15] [35 15] [35 5] [35 10]
 265 [35 10] [30 10] [30 15] [35 5] [35 15]
 266 [30 15] [35 10] [35 5] [35 15] [30 10]
 267 [35 15] [30 15] [35 5] [30 10] [35 10]
 268 [35 15] [30 10] [35 10] [30 15] [35 5]
 269 [35 15] [35 10] [30 15] [35 5] [30 10]
 270 [35 5] [35 15] [30 10] [35 10] [30 15]
 271 [35 5] [35 15] [35 10] [30 15] [30 10]
 272 [30 10] [30 15] [35 5] [35 10] [35 15]
 274 [30 15] [35 10] [30 10] [35 15] [35 5]
 273 [35 15] [30 15] [30 10] [35 5] [35 10]
 275 [35 15] [30 10] [35 10] [35 5] [30 15]
 276 [30 10] [35 15] [35 5] [30 15] [35 10]
 277 [35 10] [35 5] [30 10] [30 15] [35 15]
 278 [35 15] [30 10] [35 10] [35 5] [30 15]
 279 [30 10] [35 10] [35 5] [30 15] [35 15]
 280 [30 10] [35 15] [35 10] [30 15] [35 5]
 281 [35 15] [35 35] [30 30] [30 15] [35 25] [30 25] [35 5] [35 10] [35 30] [30 10]
 282 [30 25] [35 15] [30 15] [35 25] [30 10] [35 30] [30 30] [35 35] [35 5] [35 10]
 283 [35 30] [30 15] [35 10] [35 5] [35 25] [35 15] [30 25] [30 10] [30 30] [35 35]
 284 [30 10] [35 10] [35 30] [30 25] [35 15] [35 25] [30 30] [30 15] [35 5] [35 35]
 285 [35 25] [30 15] [30 10] [30 30] [35 15] [35 5] [35 35] [30 25] [35 30] [35 10]
 286 [35 35] [35 15] [30 15] [35 30] [30 25] [30 30] [30 10] [35 10] [35 25] [35 5]
 287 [30 10] [35 35] [30 25] [35 30] [30 30] [35 15] [35 25] [30 15] [35 5] [35 10]
 288 [35 15] [30 30] [30 25] [30 15] [30 10] [35 10] [35 30] [35 35] [35 5] [35 25]
 289 [35 15] [35 30] [30 30] [35 35] [35 10] [35 5] [30 25] [35 25] [30 10] [30 15]
 290 [35 25] [30 10] [35 15] [30 15] [35 10] [35 5] [30 30] [35 30] [35 35] [30 25]
 291 [30 5] [25 15] [30 25] [30 30] [30 10] [30 15] [30 35] [35 5] [35 10] [35 15]
 292 [35 10] [35 15] [30 35] [30 30] [25 15] [30 15] [30 25] [35 5] [30 10] [30 5]
 293 [35 5] [30 35] [30 25] [25 15] [30 5] [30 30] [30 10] [35 10] [30 15] [35 15]
 294 [30 10] [30 15] [30 35] [35 5] [30 5] [35 15] [35 10] [30 30] [25 15] [30 25]
 295 [30 10] [25 15] [30 15] [30 30] [30 5] [30 25] [30 35] [35 15] [35 5] [35 10]
 296 [35 10] [35 15] [30 25] [25 15] [30 10] [30 5] [30 15] [35 5] [30 35] [30 30]
 297 [30 5] [35 5] [30 10] [30 35] [25 15] [35 15] [35 10] [30 30] [30 25] [30 15]
 298 [25 15] [30 5] [30 10] [30 30] [35 10] [30 35] [30 25] [30 15] [35 15] [35 5]
 299 [35 10] [30 25] [30 35] [30 15] [25 15] [30 10] [35 15] [30 30] [30 5] [35 5]
 300 [30 15] [35 10] [30 30] [35 15] [35 5] [30 25] [30 35] [25 15] [30 10] [30 5]
 301 [25 15] [30 5] [35 5] [30 15] [20 15] [35 10] [25 10] [30 10] [25 5] [35 15]
 303 [30 10] [25 5] [20 15] [25 10] [35 15] [30 15] [30 5] [35 10] [35 5] [25 15]
 302 [35 5] [25 15] [25 10] [35 15] [30 5] [20 15] [30 15] [25 5] [30 10] [35 10]
 304 [25 15] [20 15] [30 10] [35 5] [30 15] [35 10] [25 5] [35 15] [30 5] [25 10]
 305 [20 15] [35 15] [25 15] [35 10] [35 5] [30 5] [30 10] [30 15] [25 10] [25 5]
 306 [35 10] [35 5] [30 15] [25 15] [30 5] [25 10] [30 10] [25 5] [35 15] [20 15]
 307 [35 10] [35 15] [25 5] [30 5] [25 10] [25 15] [30 15] [35 5] [30 10] [20 15]
 308 [25 10] [35 15] [35 5] [30 10] [30 5] [25 5] [30 15] [35 10] [25 15] [20 15]
 310 [30 15] [35 15] [25 5] [35 10] [30 10] [20 15] [25 10] [30 5] [25 15] [35 5]
 309 [30 15] [25 5] [30 5] [25 15] [35 15] [25 10] [35 5] [30 10] [20 15] [35 10]
 311 [20 15] [30 10] [35 15] [30 5] [35 5] [25 10] [25 5] [35 10] [25 15] [30 15]
 312 [25 5] [20 15] [30 10] [25 15] [35 10] [30 15] [25 10] [35 5] [35 15] [30 5]
 313 [25 15] [35 15] [30 5] [25 10] [20 15] [35 10] [25 5] [35 5] [30 10] [30 15]
 314 [35 5] [35 10] [20 15] [35 15] [30 15] [25 5] [25 10] [30 10] [30 5] [25 15]
 315 [25 10] [25 15] [30 15] [30 10] [25 5] [35 15] [30 5] [20 15] [35 5] [35 10]
 316 [25 5] [30 15] [30 5] [20 15] [25 15] [35 10] [35 15] [30 10] [25 10] [35 5]
 317 [30 10] [20 15] [35 10] [25 10] [35 5] [35 15] [25 15] [25 5] [30 15] [30 5]
 318 [35 15] [35 5] [30 5] [30 10] [25 5] [25 15] [25 10] [30 15] [35 10] [20 15]
 319 [35 15] [30 15] [30 5] [30 10] [25 15] [25 10] [35 10] [35 5] [20 15] [25 5]
 321 [35 30] [30 5] [25 15] [35 25] [25 25] [35 35] [25 10] [30 35] [30 10] [30 30] [35 5] [30 25] [35 15] [35 10] [30 15]
 322 [35 5] [30 15] [30 35] [25 25] [35 35] [30 25] [35 30] [25 15] [35 10] [35 25] [35 15] [30 30] [30 10] [30 5] [25 10]
 323 [35 30] [35 5] [25 10] [35 10] [30 35] [35 15] [25 25] [25 15] [30 15] [30 5] [35 25] [30 10] [30 25] [35 35] [30 30]
 320 [25 10] [35 10] [30 5] [30 10] [20 15] [25 5] [30 15] [35 5] [25 15] [35 15]
 324 [30 25] [35 15] [35 25] [35 30] [30 35] [30 30] [30 10] [25 25] [30 15] [35 35] [35 10] [25 10] [25 15] [35 5] [30 5]
 325 [35 30] [30 15] [35 25] [30 30] [30 25] [35 35] [30 35] [30 5] [35 15] [25 10] [30 10] [35 5] [25 15] [35 10] [25 25]
 328 [30 5] [35 10] [25 25] [35 15] [30 15] [35 25] [25 10] [30 30] [25 15] [30 25] [35 5] [35 35] [30 10] [35 30] [30 35]
 327 [35 35] [25 15] [35 5] [30 10] [35 10] [35 15] [30 30] [30 5] [30 25] [25 10] [35 25] [30 35] [30 15] [25 25] [35 30]
 326 [35 30] [25 25] [25 15] [30 30] [25 10] [30 35] [35 35] [35 5] [35 25] [35 15] [35 10] [30 5] [30 10] [30 15] [30 25]
 329 [35 10] [30 30] [35 30] [25 10] [25 15] [35 5] [30 15] [35 25] [30 5] [35 15] [30 10] [30 25] [35 35] [30 35] [25 25]
 330 [30 15] [25 25] [30 5] [30 25] [35 5] [35 10] [30 30] [35 15] [35 35] [35 30] [30 10] [25 10] [35 25] [30 35] [25 15]
 331 [25 15] [30 35] [25 25] [30 10] [35 15] [25 30] [30 25] [25 10] [25 5] [25 35] [30 15] [30 5] [30 30] [35 10] [35 5]
 332 [35 10] [30 35] [30 15] [25 5] [25 35] [25 10] [30 10] [35 15] [25 25] [30 30] [25 30] [35 5] [25 15] [30 25] [30 5]
 335 [25 10] [25 25] [25 35] [25 15] [35 10] [25 30] [30 30] [35 5] [25 5] [30 35] [30 5] [30 15] [35 15] [30 25] [30 10]
 334 [25 5] [35 15] [30 15] [30 5] [25 35] [30 30] [30 35] [25 10] [25 25] [25 15] [30 10] [35 10] [35 5] [25 30] [30 25]
 333 [25 35] [35 15] [25 25] [30 5] [30 25] [30 35] [30 10] [30 30] [35 10] [25 10] [35 5] [25 30] [25 15] [30 15] [25 5]
 336 [30 5] [25 5] [35 5] [25 30] [25 15] [25 35] [30 10] [25 25] [25 10] [30 35] [35 10] [30 25] [35 15] [30 15] [30 30]
 337 [35 5] [25 25] [25 10] [30 35] [30 10] [30 25] [30 30] [25 5] [35 10] [30 5] [25 35] [25 30] [30 15] [35 15] [25 15]
 338 [25 5] [30 30] [35 15] [30 35] [30 15] [25 25] [30 10] [35 10] [30 5] [25 35] [25 15] [25 30] [35 5] [30 25] [25 10]
 340 [30 10] [35 15] [30 25] [30 15] [35 5] [30 30] [25 5] [30 35] [25 15] [25 30] [30 5] [35 10] [25 10] [25 35] [25 25]
 339 [30 30] [30 15] [35 10] [25 10] [25 30] [30 35] [30 10] [25 15] [35 5] [30 25] [25 5] [25 25] [35 15] [25 35] [30 5]
 341 [20 35] [20 5] [30 15] [20 10] [30 10] [25 15] [35 5] [35 10] [35 15] [20 15] [20 25] [25 5] [20 30] [25 10] [30 5]
 342 [20 5] [20 25] [20 15] [35 15] [20 30] [35 5] [35 10] [20 35] [25 10] [20 10] [25 5] [25 15] [30 10] [30 5] [30 15]
 343 [25 10] [20 25] [30 15] [35 10] [25 5] [20 30] [20 15] [20 10] [35 5] [30 5] [30 10] [20 5] [25 15] [20 35] [35 15]
 344 [20 5] [30 15] [30 5] [30 10] [35 15] [20 30] [20 10] [20 35] [25 10] [20 15] [35 5] [25 5] [20 25] [25 15] [35 10]
 345 [20 25] [20 35] [35 5] [20 5] [35 10] [25 15] [25 5] [35 15] [20 30] [20 15] [20 10] [25 10] [30 5] [30 10] [30 15]
 346 [35 5] [20 35] [35 15] [25 10] [20 30] [25 5] [20 5] [30 5] [25 15] [30 10] [20 25] [20 15] [20 10] [30 15] [35 10]
 347 [35 5] [35 15] [20 25] [20 5] [25 15] [20 35] [25 5] [30 5] [20 10] [30 15] [30 10] [20 15] [20 30] [25 10] [35 10]
 348 [35 5] [35 15] [20 25] [20 30] [20 5] [25 5] [35 10] [25 15] [20 10] [30 5] [20 15] [30 15] [30 10] [20 35] [25 10]
 349 [30 15] [20 5] [25 5] [25 15] [30 5] [20 10] [30 10] [20 25] [35 15] [35 5] [20 15] [25 10] [20 35] [35 10] [20 30]
 350 [20 10] [20 15] [20 5] [30 5] [35 10] [20 35] [20 25] [35 5] [30 15] [25 15] [25 10] [20 30] [30 10] [35 15] [25 5]
 351 [20 5] [35 5] [25 10] [15 10] [30 15] [30 5] [25 5] [20 10] [15 15] [15 25] [20 15] [30 10] [25 15] [35 15] [35 10]
 352 [15 15] [15 10] [20 5] [35 15] [30 5] [35 5] [20 15] [25 15] [15 25] [25 5] [30 10] [20 10] [30 15] [25 10] [35 10]
 353 [15 15] [35 15] [30 5] [25 5] [35 10] [20 15] [20 5] [30 10] [15 25] [20 10] [30 15] [35 5] [15 10] [25 15] [25 10]
 354 [35 5] [20 5] [20 15] [15 10] [25 5] [30 5] [25 15] [15 15] [25 10] [15 25] [20 10] [30 15] [35 15] [35 10] [30 10]
 355 [20 5] [25 10] [30 10] [20 15] [30 15] [25 5] [15 10] [15 15] [35 10] [15 25] [20 10] [25 15] [35 15] [35 5] [30 5]
 356 [25 15] [25 5] [15 10] [35 10] [20 5] [35 15] [30 10] [20 15] [25 10] [20 10] [35 5] [15 15] [30 15] [30 5] [15 25]
 357 [25 10] [35 15] [35 10] [20 5] [25 5] [30 10] [20 10] [30 5] [30 15] [25 15] [15 25] [20 15] [15 10] [15 15] [35 5]
 358 [20 5] [35 5] [25 10] [30 15] [20 10] [30 10] [20 15] [15 25] [25 15] [15 10] [30 5] [25 5] [15 15] [35 15] [35 10]
 359 [35 15] [35 10] [15 25] [15 15] [20 10] [30 15] [25 15] [25 5] [30 5] [20 15] [35 5] [20 5] [25 10] [15 10] [30 10]
 360 [20 10] [30 15] [25 10] [15 10] [20 5] [30 5] [35 5] [35 15] [35 10] [30 10] [15 25] [25 5] [15 15] [25 15] [20 15]
 361 [35 35] [30 30] [35 5] [25 30] [30 5] [30 35] [25 15] [30 10] [25 10] [25 25] [30 25] [25 5] [20 15] [35 10] [35 15] [35 30] [30 15] [35 25] [25 35] [20 25]
 362 [25 25] [35 5] [30 10] [30 35] [25 5] [35 10] [35 25] [25 35] [35 15] [30 5] [35 35] [20 25] [35 30] [30 30] [25 15] [25 10] [30 15] [30 25] [25 30] [20 15]
 363 [25 5] [20 15] [30 5] [25 15] [25 35] [25 10] [35 25] [35 5] [30 30] [30 10] [35 10] [30 25] [25 25] [30 15] [35 15] [30 35] [35 35] [25 30] [35 30] [20 25]
 364 [25 35] [35 5] [25 30] [30 35] [30 10] [25 15] [35 15] [30 30] [30 15] [35 25] [25 25] [20 25] [20 15] [30 25] [35 35] [30 5] [35 10] [25 10] [35 30] [25 5]
 365 [25 30] [25 35] [25 25] [20 15] [35 30] [20 25] [35 5] [30 5] [30 15] [35 10] [35 25] [25 15] [30 25] [25 5] [35 15] [30 10] [25 10] [35 35] [30 35] [30 30]
 366 [30 10] [35 35] [25 5] [35 25] [30 25] [30 35] [25 30] [25 35] [35 15] [25 25] [20 25] [20 15] [25 10] [30 15] [35 10] [35 5] [35 30] [25 15] [30 5] [30 30]
 367 [35 5] [35 25] [25 15] [35 35] [25 30] [35 30] [30 35] [25 35] [25 25] [30 10] [20 25] [35 10] [35 15] [20 15] [30 15] [30 25] [30 30] [25 5] [25 10] [30 5]
 368 [35 30] [30 10] [25 35] [35 35] [30 15] [35 15] [30 35] [20 15] [25 30] [35 25] [35 10] [25 15] [20 25] [35 5] [25 5] [25 10] [30 30] [30 5] [25 25] [30 25]
 369 [30 30] [30 35] [35 35] [25 10] [35 30] [30 15] [25 25] [35 25] [35 15] [25 30] [30 5] [20 25] [30 25] [20 15] [35 5] [35 10] [25 5] [25 15] [25 35] [30 10]
 370 [30 35] [35 25] [30 25] [25 5] [25 15] [25 30] [25 10] [35 5] [35 10] [35 35] [35 30] [25 35] [30 10] [30 30] [20 25] [30 5] [30 15] [25 25] [20 15] [35 15]
 372 [20 15] [25 15] [25 25] [30 35] [30 10] [30 5] [20 10] [20 30] [30 30] [20 5] [25 5] [20 25] [25 10] [25 35] [30 15] [35 5] [25 30] [35 15] [35 10] [30 25]
 373 [25 5] [35 15] [25 15] [30 10] [30 35] [35 5] [20 30] [30 5] [20 15] [20 10] [30 15] [20 5] [25 10] [25 25] [35 10] [25 30] [25 35] [20 25] [30 30] [30 25]
 371 [35 15] [20 5] [25 10] [30 15] [30 30] [25 25] [30 5] [25 5] [35 5] [20 25] [20 15] [30 25] [20 10] [25 35] [35 10] [25 15] [30 10] [20 30] [25 30] [30 35]
 374 [20 30] [25 35] [35 5] [30 35] [20 25] [30 5] [30 15] [25 5] [25 10] [20 10] [20 5] [35 10] [20 15] [25 30] [30 30] [30 10] [30 25] [25 25] [35 15] [25 15]
 375 [35 10] [20 15] [20 30] [20 10] [30 15] [20 25] [25 5] [25 15] [35 15] [25 30] [35 5] [25 35] [30 25] [25 10] [30 35] [30 5] [25 25] [20 5] [30 10] [30 30]
 376 [25 5] [30 35] [35 15] [30 30] [25 25] [25 15] [20 25] [20 30] [20 10] [30 10] [25 30] [30 5] [30 15] [30 25] [35 10] [35 5] [25 35] [20 5] [20 15] [25 10]
 377 [25 35] [20 25] [30 30] [25 5] [20 30] [35 5] [20 15] [30 35] [35 15] [30 5] [25 15] [20 5] [25 30] [25 10] [30 25] [20 10] [25 25] [35 10] [30 15] [30 10]
 379 [35 15] [20 5] [25 5] [35 10] [20 25] [25 25] [25 30] [30 25] [20 10] [30 5] [30 10] [30 35] [35 5] [20 15] [30 30] [25 35] [20 30] [25 10] [25 15] [30 15]
 378 [35 15] [25 30] [20 25] [30 15] [25 15] [30 35] [20 30] [20 5] [30 10] [35 5] [25 10] [20 10] [30 30] [25 5] [25 35] [35 10] [25 25] [20 15] [30 25] [30 5]
 380 [20 30] [25 10] [30 5] [20 15] [30 35] [20 5] [25 15] [25 35] [30 10] [35 10] [30 30] [25 25] [30 25] [25 5] [35 5] [30 15] [20 10] [25 30] [20 25] [35 15]
 381 [25 10] [20 15] [30 5] [35 5] [15 5] [15 15] [25 5] [35 15] [30 15] [30 10] [20 5] [20 35] [15 30] [15 25] [20 30] [20 10] [35 10] [20 25] [25 15] [15 10]
 382 [30 15] [15 30] [20 35] [20 15] [15 15] [25 10] [15 25] [20 25] [30 10] [15 5] [30 5] [25 5] [35 15] [20 5] [35 10] [20 10] [20 30] [35 5] [25 15] [15 10]
 383 [20 5] [15 25] [25 5] [15 30] [20 35] [20 15] [20 25] [15 5] [20 30] [30 10] [30 5] [35 15] [15 10] [30 15] [25 15] [25 10] [35 5] [35 10] [20 10] [15 15]
 385 [25 10] [15 10] [15 25] [15 15] [30 15] [20 5] [20 35] [35 5] [20 30] [35 15] [15 30] [20 25] [30 5] [30 10] [20 10] [20 15] [35 10] [25 5] [15 5] [25 15]
 384 [35 15] [30 15] [20 30] [15 5] [20 10] [15 25] [20 5] [20 25] [35 5] [25 15] [15 15] [25 10] [20 15] [30 10] [20 35] [15 10] [35 10] [25 5] [15 30] [30 5]
 386 [35 5] [30 15] [30 10] [25 5] [15 30] [20 15] [20 5] [15 25] [20 10] [30 5] [20 25] [15 15] [20 30] [15 5] [25 10] [35 10] [15 10] [20 35] [25 15] [35 15]
 387 [25 15] [15 15] [25 5] [35 5] [15 10] [30 10] [20 35] [20 5] [20 25] [15 25] [30 15] [30 5] [20 10] [35 10] [20 15] [25 10] [15 30] [15 5] [35 15] [20 30]
 388 [15 5] [20 5] [25 5] [30 15] [20 15] [15 30] [30 10] [20 30] [35 10] [20 10] [25 15] [15 15] [35 5] [20 35] [35 15] [30 5] [20 25] [15 10] [25 10] [15 25]
 389 [20 25] [35 10] [30 10] [20 30] [30 5] [30 15] [25 15] [25 5] [35 15] [20 10] [25 10] [20 15] [15 15] [15 5] [35 5] [15 10] [20 5] [15 30] [20 35] [15 25]
 391 [15 10] [30 15] [25 10] [20 15] [30 5] [35 10] [20 5] [35 5] [25 15] [15 25] [20 10] [15 5] [35 15] [15 35] [25 5] [10 15] [15 30] [10 25] [30 10] [15 15]
 390 [25 10] [20 10] [15 10] [20 35] [35 10] [30 10] [20 5] [30 5] [30 15] [20 25] [20 30] [15 15] [25 15] [15 30] [35 15] [25 5] [15 25] [15 5] [35 5] [20 15]
 392 [25 15] [15 15] [25 10] [30 10] [15 30] [35 10] [20 10] [15 35] [20 5] [15 10] [30 5] [35 15] [30 15] [10 25] [15 25] [25 5] [35 5] [15 5] [20 15] [10 15]
 393 [15 25] [35 10] [15 15] [20 15] [15 10] [30 15] [30 5] [15 30] [35 5] [15 5] [10 25] [30 10] [20 5] [35 15] [25 10] [25 5] [20 10] [25 15] [15 35] [10 15]
 394 [30 10] [15 35] [15 25] [20 10] [35 15] [25 15] [20 5] [15 5] [25 10] [30 15] [20 15] [15 15] [35 5] [10 25] [30 5] [15 10] [15 30] [10 15] [25 5] [35 10]
 395 [10 25] [15 10] [20 10] [30 15] [25 15] [15 5] [35 15] [15 25] [25 5] [25 10] [35 10] [20 5] [30 5] [20 15] [10 15] [30 10] [35 5] [15 35] [15 30] [15 15]
 397 [30 10] [15 25] [25 5] [35 15] [20 5] [10 25] [20 10] [25 10] [20 15] [25 15] [30 5] [10 15] [15 10] [30 15] [15 30] [35 5] [15 35] [15 15] [35 10] [15 5]
 398 [25 10] [30 15] [20 10] [30 10] [15 25] [15 35] [25 5] [15 5] [10 25] [35 15] [15 10] [15 15] [35 10] [10 15] [20 15] [20 5] [35 5] [25 15] [15 30] [30 5]
 396 [15 25] [25 5] [35 15] [30 10] [15 30] [15 5] [15 35] [30 5] [25 15] [10 25] [20 5] [20 10] [35 10] [30 15] [20 15] [10 15] [25 10] [15 15] [15 10] [35 5]
 400 [25 10] [30 15] [25 5] [10 15] [30 10] [15 10] [35 10] [15 15] [20 10] [15 25] [15 5] [15 35] [35 15] [20 15] [25 15] [20 5] [30 5] [35 5] [10 25] [15 30]
 399 [30 10] [15 15] [25 15] [10 25] [10 15] [15 5] [30 15] [15 25] [25 5] [20 5] [35 10] [35 15] [25 10] [15 10] [30 5] [15 30] [20 10] [20 15] [15 35] [35 5]
 401
 402
 403
 404
 406
 405
 407
 408
 409
 410
 411
 412
 413
 414
 415
 416
 418
 417
 419
 420
 421
 422
 423
 424
 426
 425
 427
 428
 430
 429
 431
 432
 433
 436
 435
 434
 437
 438
 439
 441 [35 15] [35 10] [35 25] [35 5] [35 30]
 442 [35 5] [35 10] [35 25] [35 15] [35 30]
 440
 444 [35 10] [35 30] [35 5] [35 25] [35 15]
 443 [35 15] [35 10] [35 30] [35 25] [35 5]
 445 [35 5] [35 15] [35 30] [35 10] [35 25]
 446 [35 25] [35 5] [35 30] [35 10] [35 15]
 447 [35 15] [35 30] [35 10] [35 5] [35 25]
 448 [35 15] [35 25] [35 30] [35 10] [35 5]
 449 [35 25] [35 30] [35 5] [35 10] [35 15]
 450 [35 5] [35 30] [35 25] [35 10] [35 15]
 451 [35 5] [35 10] [30 15] [35 15] [30 25]
 452 [35 10] [30 15] [35 15] [35 5] [30 25]
 453 [35 10] [30 15] [35 5] [30 25] [35 15]
 454 [35 15] [30 25] [35 5] [30 15] [35 10]
 455 [35 5] [30 25] [35 10] [30 15] [35 15]
 456 [30 25] [30 15] [35 15] [35 5] [35 10]
 457 [35 5] [35 10] [30 15] [35 15] [30 25]
 458 [35 10] [30 25] [30 15] [35 5] [35 15]
 460 [30 25] [30 15] [35 5] [35 10] [35 15]
 459 [30 15] [30 25] [35 10] [35 5] [35 15]
 461 [30 10] [35 10] [35 5] [35 15] [30 15]
 462 [35 5] [30 10] [35 10] [35 15] [30 15]
 463 [35 15] [35 5] [30 10] [35 10] [30 15]
 464 [35 5] [35 10] [30 15] [30 10] [35 15]
 465 [30 10] [35 5] [35 15] [35 10] [30 15]
 466 [35 5] [30 15] [35 15] [30 10] [35 10]
 467 [30 15] [35 15] [30 10] [35 10] [35 5]
 468 [35 5] [30 10] [30 15] [35 15] [35 10]
 469 [35 5] [35 10] [30 15] [30 10] [35 15]
 470 [35 5] [30 10] [35 10] [35 15] [30 15]
 471 [35 10] [30 10] [35 5] [30 15] [35 15]
 472 [30 10] [35 15] [35 10] [35 5] [30 15]
 473 [35 15] [30 15] [35 5] [35 10] [30 10]
 474 [35 10] [30 15] [35 5] [35 15] [30 10]
 475 [30 10] [35 5] [35 10] [35 15] [30 15]
 476 [35 10] [35 15] [30 15] [35 5] [30 10]
 477 [35 5] [30 15] [35 10] [35 15] [30 10]
 478 [35 5] [35 10] [30 10] [35 15] [30 15]
 479 [30 15] [35 15] [30 10] [35 10] [35 5]
 480 [35 10] [35 5] [30 15] [35 15] [30 10]
 481 [30 15] [30 10] [35 25] [35 5] [30 30] [35 10] [35 15] [35 35] [35 30] [30 25]
 482 [35 35] [35 15] [35 30] [30 25] [30 10] [35 5] [30 30] [35 25] [30 15] [35 10]
 483 [35 10] [30 30] [35 25] [35 35] [35 30] [30 10] [30 15] [30 25] [35 5] [35 15]
 485 [35 35] [30 25] [35 10] [35 25] [30 15] [35 30] [35 5] [30 10] [35 15] [30 30]
 484 [35 35] [30 25] [35 5] [30 15] [35 10] [35 15] [35 30] [30 30] [30 10] [35 25]
 486 [35 25] [35 35] [30 10] [35 30] [30 30] [30 15] [35 10] [35 15] [35 5] [30 25]
 487 [30 10] [30 30] [35 25] [35 30] [35 15] [35 10] [35 5] [30 15] [35 35] [30 25]
 488 [35 35] [35 25] [30 25] [35 10] [35 30] [30 10] [35 5] [30 30] [30 15] [35 15]
 489 [35 25] [35 10] [30 30] [30 10] [35 15] [35 30] [35 5] [30 15] [30 25] [35 35]
 490 [35 25] [35 35] [35 10] [35 15] [35 5] [30 25] [30 15] [30 30] [35 30] [30 10]
 491 [30 5] [35 15] [30 10] [30 35] [35 10] [35 5] [30 15] [30 25] [25 15] [30 30]
 492 [30 10] [30 15] [30 5] [35 10] [25 15] [30 35] [30 25] [30 30] [35 5] [35 15]
 493 [30 5] [35 15] [30 30] [25 15] [30 35] [30 10] [30 15] [30 25] [35 5] [35 10]
 495 [35 15] [30 25] [30 30] [30 35] [30 10] [35 5] [35 10] [30 15] [25 15] [30 5]
 494 [35 5] [30 5] [35 10] [30 10] [35 15] [30 30] [25 15] [30 35] [30 15] [30 25]
 496 [30 5] [25 15] [35 15] [35 10] [35 5] [30 25] [30 35] [30 15] [30 10] [30 30]
 497 [30 10] [30 15] [35 10] [25 15] [30 25] [30 35] [30 30] [30 5] [35 5] [35 15]
 498 [35 5] [30 15] [30 30] [30 5] [30 25] [35 10] [25 15] [35 15] [30 35] [30 10]
 499 [30 25] [35 15] [30 10] [30 35] [25 15] [30 15] [30 5] [35 10] [35 5] [30 30]
 500 [30 35] [30 30] [35 10] [30 15] [35 5] [35 15] [30 5] [25 15] [30 10] [30 25]
 501 [20 15] [30 15] [30 5] [30 10] [25 10] [35 10] [25 15] [35 5] [25 5] [35 15]
 502 [30 10] [35 15] [35 10] [30 5] [35 5] [20 15] [30 15] [25 10] [25 15] [25 5]
 504 [35 5] [25 15] [35 15] [30 5] [25 10] [30 10] [30 15] [20 15] [35 10] [25 5]
 505 [25 5] [30 15] [30 5] [35 5] [25 10] [25 15] [35 10] [20 15] [35 15] [30 10]
 503 [25 10] [25 15] [35 5] [30 15] [20 15] [30 10] [25 5] [35 15] [30 5] [35 10]
 506 [25 10] [25 5] [25 15] [30 10] [35 5] [35 15] [35 10] [30 5] [30 15] [20 15]
 507 [30 15] [20 15] [35 5] [35 10] [30 10] [35 15] [25 10] [30 5] [25 5] [25 15]
 508 [30 5] [20 15] [30 10] [30 15] [25 5] [25 10] [35 10] [25 15] [35 5] [35 15]
 510 [20 15] [30 10] [30 15] [35 5] [25 15] [35 15] [30 5] [35 10] [25 10] [25 5]
 509 [35 5] [30 10] [25 10] [30 5] [25 15] [35 15] [35 10] [25 5] [30 15] [20 15]
 511 [30 10] [25 5] [25 15] [20 15] [35 15] [30 5] [35 10] [30 15] [25 10] [35 5]
 513 [25 5] [35 10] [20 15] [25 10] [35 15] [35 5] [30 5] [25 15] [30 15] [30 10]
 512 [35 15] [30 15] [30 5] [30 10] [35 10] [25 10] [25 15] [20 15] [35 5] [25 5]
 514 [30 5] [25 10] [35 5] [35 15] [25 15] [30 15] [25 5] [30 10] [20 15] [35 10]
 515 [35 15] [30 15] [25 10] [30 10] [35 10] [20 15] [30 5] [35 5] [25 5] [25 15]
 516 [35 15] [25 5] [25 10] [35 10] [30 5] [30 10] [30 15] [20 15] [35 5] [25 15]
 517 [30 15] [35 10] [25 10] [25 15] [20 15] [30 10] [25 5] [30 5] [35 5] [35 15]
 519 [35 10] [30 5] [30 15] [25 15] [35 5] [20 15] [30 10] [25 5] [35 15] [25 10]
 518 [20 15] [25 5] [25 10] [25 15] [30 15] [30 10] [30 5] [35 5] [35 15] [35 10]
 520 [30 10] [25 5] [25 10] [35 5] [35 10] [30 15] [35 15] [30 5] [25 15] [20 15]
 521 [35 25] [35 35] [35 15] [30 15] [25 25] [30 10] [25 10] [30 30] [30 5] [30 25] [25 15] [35 10] [30 35] [35 30] [35 5]
 522 [30 15] [30 5] [30 35] [30 25] [35 25] [35 10] [35 35] [35 30] [30 30] [25 10] [25 15] [30 10] [25 25] [35 5] [35 15]
 523 [30 25] [35 35] [35 30] [35 5] [35 25] [25 25] [25 10] [25 15] [30 15] [30 30] [30 5] [35 15] [30 35] [30 10] [35 10]
 524 [30 10] [35 30] [30 30] [35 25] [35 15] [25 10] [30 5] [30 35] [25 15] [35 10] [30 15] [35 5] [25 25] [35 35] [30 25]
 525 [30 25] [30 5] [30 10] [35 35] [25 15] [35 5] [35 30] [25 10] [30 35] [30 15] [35 10] [35 15] [25 25] [35 25] [30 30]
 526 [30 30] [35 30] [35 35] [30 25] [25 15] [35 15] [30 15] [35 10] [30 35] [30 5] [25 10] [30 10] [35 25] [35 5] [25 25]
 527 [30 25] [35 10] [35 35] [35 15] [35 30] [25 15] [25 25] [30 15] [35 5] [30 30] [35 25] [30 5] [25 10] [30 10] [30 35]
 528 [35 25] [35 15] [30 10] [25 10] [30 30] [35 5] [30 35] [30 15] [30 5] [25 25] [25 15] [35 10] [30 25] [35 30] [35 35]
 529 [30 30] [35 5] [30 35] [30 25] [30 10] [25 10] [35 30] [35 35] [30 5] [25 15] [35 10] [35 15] [35 25] [30 15] [25 25]
 530 [30 5] [35 25] [30 25] [30 30] [25 10] [35 5] [35 35] [30 10] [25 15] [35 30] [30 15] [25 25] [30 35] [35 15] [35 10]
 531 [30 15] [30 5] [35 15] [25 15] [25 5] [30 25] [25 10] [30 10] [30 30] [35 5] [25 25] [25 35] [30 35] [25 30] [35 10]
 533 [30 25] [25 10] [30 10] [25 30] [25 15] [30 35] [35 5] [25 5] [35 10] [30 5] [30 30] [25 35] [35 15] [25 25] [30 15]
 532 [30 25] [30 15] [25 5] [25 10] [35 10] [30 5] [25 30] [35 15] [35 5] [25 25] [30 30] [25 15] [30 35] [25 35] [30 10]
 534 [25 15] [30 25] [30 35] [30 30] [35 10] [35 5] [25 30] [35 15] [25 35] [30 5] [30 15] [25 5] [30 10] [25 10] [25 25]
 535 [25 5] [35 10] [30 15] [30 10] [25 25] [30 25] [25 30] [35 15] [30 5] [35 5] [25 35] [25 10] [25 15] [30 35] [30 30]
 537 [25 25] [30 30] [30 35] [25 35] [25 15] [25 30] [25 5] [30 10] [30 5] [30 25] [30 15] [35 15] [35 10] [35 5] [25 10]
 536 [30 10] [25 30] [25 25] [25 15] [30 35] [25 5] [25 10] [25 35] [30 30] [35 15] [30 5] [35 10] [35 5] [30 15] [30 25]
 538 [25 5] [30 15] [35 10] [25 30] [35 15] [25 35] [35 5] [25 10] [25 25] [30 25] [30 30] [25 15] [30 5] [30 35] [30 10]
 539 [35 10] [30 10] [30 35] [25 35] [25 30] [25 10] [30 5] [30 15] [35 15] [30 30] [30 25] [25 15] [35 5] [25 5] [25 25]
 540 [30 30] [30 35] [25 25] [25 5] [25 10] [35 5] [25 30] [30 25] [30 10] [30 5] [35 10] [30 15] [25 15] [25 35] [35 15]
 541 [20 5] [20 25] [20 10] [35 15] [25 15] [30 5] [20 35] [30 10] [35 10] [25 5] [30 15] [35 5] [20 15] [20 30] [25 10]
 544 [25 15] [35 10] [30 5] [30 15] [20 30] [30 10] [20 10] [35 5] [20 25] [35 15] [25 5] [20 5] [20 15] [20 35] [25 10]
 543 [20 30] [20 5] [35 5] [20 15] [35 15] [30 10] [30 5] [30 15] [35 10] [20 35] [25 5] [20 10] [20 25] [25 15] [25 10]
 542 [25 5] [20 5] [30 5] [20 30] [20 25] [20 10] [25 10] [35 5] [20 35] [20 15] [30 15] [30 10] [25 15] [35 15] [35 10]
 545 [20 25] [25 15] [35 15] [20 35] [35 5] [25 5] [20 10] [30 5] [20 30] [20 15] [35 10] [30 10] [30 15] [25 10] [20 5]
 546 [25 5] [35 10] [30 5] [25 10] [20 30] [20 5] [35 15] [35 5] [30 15] [25 15] [30 10] [20 35] [20 15] [20 10] [20 25]
 547 [25 5] [20 30] [30 15] [30 10] [25 10] [30 5] [20 25] [35 15] [35 5] [25 15] [20 35] [20 15] [20 10] [35 10] [20 5]
 548 [20 25] [30 10] [30 15] [20 30] [20 10] [35 5] [20 15] [30 5] [35 10] [20 35] [35 15] [20 5] [25 5] [25 10] [25 15]
 549 [25 5] [30 5] [35 10] [20 15] [20 25] [20 10] [35 15] [35 5] [25 10] [30 15] [30 10] [20 30] [20 35] [20 5] [25 15]
 550 [30 5] [20 10] [35 15] [20 25] [35 5] [30 15] [30 10] [25 15] [25 5] [25 10] [20 30] [35 10] [20 15] [20 5] [20 35]
 551 [15 25] [35 10] [25 15] [30 10] [20 5] [15 10] [30 15] [30 5] [25 10] [20 10] [35 5] [20 15] [35 15] [15 15] [25 5]
 552 [30 10] [20 5] [35 10] [30 15] [25 5] [15 15] [20 10] [15 25] [30 5] [25 15] [25 10] [35 15] [35 5] [15 10] [20 15]
 554 [25 5] [35 10] [25 10] [30 10] [20 15] [35 5] [30 5] [15 25] [30 15] [20 5] [35 15] [15 10] [15 15] [25 15] [20 10]
 553 [25 5] [20 5] [25 15] [15 10] [25 10] [35 15] [30 10] [30 5] [30 15] [15 25] [35 10] [35 5] [15 15] [20 10] [20 15]
 555 [30 5] [35 5] [30 10] [25 10] [30 15] [15 10] [35 10] [20 5] [20 10] [25 5] [25 15] [20 15] [35 15] [15 25] [15 15]
 556 [35 15] [15 15] [30 15] [30 10] [20 5] [20 10] [35 5] [35 10] [25 10] [15 25] [25 15] [15 10] [20 15] [25 5] [30 5]
 557 [15 15] [20 5] [15 10] [30 15] [20 15] [15 25] [35 10] [35 5] [25 15] [30 10] [25 5] [35 15] [25 10] [20 10] [30 5]
 558 [20 10] [25 10] [25 15] [15 15] [20 5] [35 15] [35 5] [30 5] [15 25] [20 15] [30 15] [35 10] [25 5] [15 10] [30 10]
 559 [25 5] [30 15] [35 10] [15 10] [35 5] [15 15] [30 5] [30 10] [20 15] [25 10] [15 25] [35 15] [20 10] [25 15] [20 5]
 560 [25 5] [20 5] [25 15] [15 25] [15 10] [30 5] [35 10] [20 10] [30 10] [25 10] [35 15] [35 5] [20 15] [30 15] [15 15]
 561 [30 30] [30 25] [30 5] [35 15] [25 5] [20 15] [25 35] [35 5] [35 30] [25 25] [30 15] [30 10] [20 25] [25 15] [35 25] [30 35] [35 35] [35 10] [25 30] [25 10]
 562 [20 25] [30 35] [25 35] [25 30] [25 10] [25 5] [25 25] [35 5] [35 25] [30 25] [30 30] [35 10] [35 30] [35 35] [20 15] [35 15] [25 15] [30 5] [30 15] [30 10]
 563 [20 25] [30 5] [25 10] [25 15] [25 5] [25 30] [35 25] [35 15] [30 15] [30 10] [30 25] [35 5] [35 35] [20 15] [30 35] [25 25] [25 35] [35 10] [30 30] [35 30]
 564 [30 15] [25 15] [30 30] [25 10] [35 35] [35 30] [35 10] [20 15] [25 35] [25 25] [35 5] [25 5] [30 25] [30 10] [35 25] [25 30] [35 15] [30 35] [20 25] [30 5]
 565 [25 10] [30 35] [35 15] [35 25] [20 15] [30 30] [25 5] [20 25] [25 35] [35 10] [30 25] [30 10] [35 5] [25 15] [25 30] [35 35] [25 25] [30 5] [35 30] [30 15]
 566 [35 30] [25 35] [35 10] [30 35] [30 5] [25 30] [30 30] [30 10] [35 35] [30 15] [25 25] [30 25] [25 5] [20 15] [25 10] [20 25] [35 5] [35 25] [25 15] [35 15]
 567 [30 30] [25 35] [30 10] [25 10] [35 10] [20 25] [30 35] [25 30] [25 5] [25 15] [30 25] [35 35] [35 5] [35 25] [25 25] [20 15] [30 15] [35 30] [35 15] [30 5]
 568 [35 35] [35 15] [20 15] [25 30] [30 5] [35 5] [30 10] [30 25] [25 25] [25 10] [25 15] [35 10] [35 25] [35 30] [25 35] [25 5] [20 25] [30 35] [30 30] [30 15]
 569 [35 35] [25 15] [30 10] [25 5] [30 5] [25 30] [20 15] [30 30] [35 5] [30 15] [25 10] [25 25] [20 25] [30 35] [35 30] [35 25] [35 15] [30 25] [25 35] [35 10]
 570 [25 25] [30 10] [35 35] [30 25] [30 30] [30 5] [25 10] [25 15] [30 15] [35 25] [30 35] [35 30] [20 15] [35 5] [35 10] [25 5] [25 35] [20 25] [25 30] [35 15]
 571 [20 15] [30 25] [25 30] [20 5] [20 30] [35 5] [25 25] [30 30] [20 25] [30 35] [35 15] [30 10] [25 10] [30 15] [25 35] [25 5] [35 10] [20 10] [25 15] [30 5]
 573 [25 10] [25 35] [35 5] [20 15] [30 35] [30 10] [20 25] [30 5] [35 10] [20 30] [30 30] [20 5] [25 15] [30 15] [35 15] [25 25] [25 5] [25 30] [30 25] [20 10]
 572 [35 5] [30 30] [30 10] [20 15] [20 25] [25 25] [30 5] [25 5] [35 10] [25 15] [30 25] [25 10] [30 15] [20 5] [20 10] [35 15] [25 30] [30 35] [20 30] [25 35]
 574 [30 25] [30 5] [20 25] [30 35] [20 5] [30 30] [25 30] [30 10] [25 5] [30 15] [20 30] [25 10] [20 15] [35 15] [20 10] [25 25] [25 15] [25 35] [35 5] [35 10]
 575 [30 15] [35 15] [20 5] [25 30] [20 15] [25 10] [25 5] [25 35] [30 5] [20 10] [25 15] [25 25] [20 25] [30 30] [30 35] [20 30] [30 25] [30 10] [35 10] [35 5]
 576 [30 5] [20 25] [35 10] [30 15] [35 15] [25 30] [30 35] [25 35] [30 10] [20 10] [30 30] [25 10] [20 5] [35 5] [25 15] [20 30] [25 25] [30 25] [25 5] [20 15]
 577 [30 35] [25 15] [20 5] [25 35] [35 15] [30 10] [25 30] [30 30] [20 25] [35 10] [25 25] [30 15] [30 25] [30 5] [20 15] [35 5] [25 5] [20 10] [25 10] [20 30]
 578 [30 35] [30 10] [25 25] [20 5] [25 30] [35 10] [25 35] [20 30] [30 5] [20 15] [30 25] [20 25] [30 15] [25 15] [20 10] [35 5] [25 10] [25 5] [30 30] [35 15]
 579 [20 5] [25 35] [35 5] [20 10] [25 5] [35 10] [35 15] [25 25] [20 30] [25 30] [20 25] [20 15] [30 15] [25 10] [25 15] [30 5] [30 10] [30 30] [30 25] [30 35]
 580 [20 10] [35 5] [30 25] [35 15] [25 10] [30 15] [25 5] [20 30] [30 5] [30 35] [30 30] [20 25] [30 10] [25 15] [25 25] [20 5] [25 35] [25 30] [20 15] [35 10]
 581 [25 10] [30 15] [35 10] [20 10] [20 15] [15 30] [15 15] [15 25] [35 15] [25 15] [20 35] [20 5] [15 10] [30 5] [30 10] [15 5] [20 30] [20 25] [35 5] [25 5]
 582 [20 35] [20 5] [15 15] [25 5] [25 15] [15 5] [15 25] [30 15] [35 15] [20 30] [30 10] [25 10] [15 10] [20 25] [20 15] [20 10] [15 30] [35 10] [30 5] [35 5]
 583 [30 10] [30 15] [35 15] [15 10] [35 10] [30 5] [20 5] [25 15] [25 5] [35 5] [20 25] [15 5] [15 30] [15 15] [20 10] [20 30] [15 25] [20 15] [20 35] [25 10]
 584 [25 15] [35 5] [15 30] [30 5] [15 10] [15 5] [20 10] [20 15] [15 15] [25 5] [20 5] [20 25] [25 10] [20 35] [30 10] [20 30] [30 15] [35 10] [35 15] [15 25]
 585 [30 15] [20 10] [20 15] [25 5] [25 10] [30 10] [35 5] [35 10] [20 35] [20 25] [15 10] [15 25] [15 15] [35 15] [20 30] [15 5] [25 15] [30 5] [20 5] [15 30]
 586 [15 10] [25 10] [25 5] [30 5] [20 35] [15 5] [25 15] [20 10] [35 5] [15 25] [30 15] [20 30] [20 25] [15 15] [35 15] [20 5] [15 30] [30 10] [35 10] [20 15]
 587 [30 10] [20 10] [25 10] [30 5] [15 15] [15 25] [15 10] [15 30] [25 5] [35 5] [20 5] [20 25] [20 30] [20 15] [35 10] [20 35] [15 5] [25 15] [35 15] [30 15]
 588 [25 10] [20 15] [30 5] [15 30] [35 5] [30 15] [20 5] [30 10] [25 15] [25 5] [15 10] [15 25] [35 10] [20 25] [20 30] [35 15] [20 35] [15 15] [20 10] [15 5]
 589 [15 5] [15 25] [25 5] [20 30] [30 10] [20 25] [25 10] [25 15] [20 15] [20 35] [30 5] [15 15] [20 5] [15 30] [30 15] [35 5] [35 15] [20 10] [35 10] [15 10]
 590 [35 10] [20 25] [15 15] [25 15] [15 5] [30 5] [25 5] [20 5] [15 25] [15 10] [30 15] [30 10] [20 35] [35 5] [20 10] [15 30] [25 10] [35 15] [20 15] [20 30]
 591 [20 10] [15 5] [35 15] [30 5] [10 25] [15 15] [35 10] [25 5] [35 5] [15 35] [30 15] [25 15] [15 30] [30 10] [20 15] [20 5] [25 10] [15 10] [10 15] [15 25]
 592 [15 5] [20 5] [10 25] [30 10] [20 10] [35 5] [20 15] [25 5] [35 10] [25 10] [15 25] [15 15] [30 15] [30 5] [15 35] [15 30] [15 10] [25 15] [10 15] [35 15]
 593 [15 30] [10 15] [25 15] [15 15] [35 5] [30 15] [30 5] [15 25] [25 5] [20 5] [20 15] [35 10] [20 10] [15 35] [15 10] [35 15] [30 10] [15 5] [10 25] [25 10]
 594 [20 5] [15 10] [15 25] [20 15] [10 15] [30 10] [35 5] [25 5] [15 15] [25 15] [30 15] [35 15] [15 30] [15 5] [10 25] [15 35] [20 10] [25 10] [35 10] [30 5]
 595 [25 15] [30 5] [10 25] [35 10] [15 10] [15 35] [15 5] [15 25] [30 10] [35 5] [25 5] [25 10] [20 15] [10 15] [15 15] [20 5] [15 30] [30 15] [20 10] [35 15]
 596 [15 5] [15 30] [20 5] [15 10] [15 25] [35 15] [20 15] [25 10] [30 15] [25 5] [30 10] [15 15] [20 10] [35 5] [35 10] [30 5] [15 35] [10 15] [10 25] [25 15]
 597 [30 5] [20 15] [15 30] [25 15] [30 15] [25 10] [30 10] [15 35] [20 10] [25 5] [10 25] [35 10] [15 5] [15 10] [20 5] [15 25] [35 5] [35 15] [10 15] [15 15]
 598 [20 5] [35 10] [20 10] [15 35] [30 5] [35 5] [15 15] [30 10] [25 10] [20 15] [15 25] [35 15] [25 5] [25 15] [10 25] [15 10] [15 5] [30 15] [15 30] [10 15]
 599 [25 15] [30 10] [30 15] [15 30] [20 15] [35 10] [25 5] [35 15] [20 5] [15 5] [25 10] [10 25] [10 15] [30 5] [20 10] [15 25] [15 35] [15 10] [15 15] [35 5]
 600 [25 10] [30 15] [10 15] [15 25] [35 10] [30 5] [20 5] [15 35] [10 25] [30 10] [35 5] [25 5] [20 10] [15 10] [35 15] [15 15] [20 15] [15 5] [25 15] [15 30]
 601
 602
 604
 603
 605
 606
 607
 608
 609
 610
 611
 612
 613
 614
 615
 617
 616
 618
 619
 620
 622
 621
 623
 624
 625
 626
 627
 628
 629
 630
 631
 632
 633
 634
 635
 636
 637
 638
 642 [35 10] [35 15] [35 25] [35 5] [35 30]
 639
 641 [35 25] [35 30] [35 15] [35 10] [35 5]
 643 [35 25] [35 15] [35 30] [35 5] [35 10]
 640
 644 [35 10] [35 30] [35 5] [35 25] [35 15]
 648 [35 5] [35 15] [35 25] [35 30] [35 10]
 645 [35 10] [35 25] [35 5] [35 15] [35 30]
 646 [35 15] [35 5] [35 30] [35 25] [35 10]
 647 [35 25] [35 10] [35 15] [35 5] [35 30]
 649 [35 25] [35 15] [35 10] [35 30] [35 5]
 650 [35 25] [35 10] [35 5] [35 15] [35 30]
 651 [30 25] [35 5] [35 10] [35 15] [30 15]
 652 [30 15] [35 15] [35 10] [35 5] [30 25]
 653 [35 5] [30 25] [35 15] [35 10] [30 15]
 654 [35 5] [35 10] [35 15] [30 15] [30 25]
 655 [35 10] [30 25] [35 5] [30 15] [35 15]
 656 [30 25] [35 5] [35 10] [35 15] [30 15]
 657 [35 15] [35 5] [30 25] [35 10] [30 15]
 659 [35 10] [35 15] [30 15] [30 25] [35 5]
 658 [35 5] [30 25] [35 10] [35 15] [30 15]
 660 [35 10] [30 15] [35 5] [35 15] [30 25]
 661 [30 15] [35 10] [35 15] [30 10] [35 5]
 662 [30 15] [30 10] [35 15] [35 10] [35 5]
 664 [35 5] [35 15] [30 15] [30 10] [35 10]
 663 [35 5] [30 15] [30 10] [35 15] [35 10]
 665 [30 15] [35 5] [35 10] [30 10] [35 15]
 667 [30 15] [35 15] [35 5] [35 10] [30 10]
 666 [35 10] [35 5] [35 15] [30 10] [30 15]
 668 [35 5] [30 10] [30 15] [35 15] [35 10]
 669 [30 15] [35 15] [30 10] [35 10] [35 5]
 670 [30 15] [35 10] [35 15] [30 10] [35 5]
 671 [30 10] [35 10] [30 15] [35 15] [35 5]
 672 [35 10] [30 10] [35 5] [35 15] [30 15]
 673 [30 15] [35 15] [30 10] [35 10] [35 5]
 674 [35 5] [30 15] [30 10] [35 10] [35 15]
 675 [30 10] [35 5] [35 10] [30 15] [35 15]
 676 [35 15] [35 5] [35 10] [30 15] [30 10]
 677 [35 10] [30 10] [35 15] [30 15] [35 5]
 678 [35 5] [35 10] [30 15] [30 10] [35 15]
 679 [35 5] [30 10] [30 15] [35 15] [35 10]
 680 [30 15] [35 5] [30 10] [35 10] [35 15]
 681 [35 25] [30 15] [35 15] [30 10] [35 35] [35 10] [35 5] [35 30] [30 30] [30 25]
 682 [35 15] [30 30] [35 10] [35 5] [30 25] [30 15] [35 30] [30 10] [35 25] [35 35]
 684 [35 5] [35 30] [30 25] [35 15] [35 35] [30 30] [30 10] [30 15] [35 25] [35 10]
 683 [30 30] [30 25] [35 15] [30 10] [35 30] [35 5] [30 15] [35 10] [35 35] [35 25]
 685 [30 25] [35 25] [35 5] [35 15] [30 15] [30 10] [35 10] [35 35] [35 30] [30 30]
 686 [35 25] [35 10] [30 30] [35 30] [35 35] [35 15] [30 25] [30 10] [35 5] [30 15]
 687 [35 25] [35 35] [35 30] [35 10] [30 30] [35 15] [30 15] [30 10] [35 5] [30 25]
 688 [30 30] [35 35] [30 10] [35 5] [35 30] [35 15] [35 10] [30 25] [30 15] [35 25]
 689 [35 25] [30 30] [30 10] [35 15] [35 5] [35 10] [30 25] [35 35] [30 15] [35 30]
 690 [35 30] [35 25] [30 30] [35 15] [30 15] [35 10] [30 10] [30 25] [35 5] [35 35]
 691 [25 15] [30 5] [35 10] [35 5] [30 30] [30 15] [30 35] [30 25] [35 15] [30 10]
 692 [30 10] [35 5] [25 15] [30 25] [35 10] [30 5] [30 15] [30 35] [35 15] [30 30]
 693 [30 5] [30 15] [30 10] [30 30] [25 15] [35 5] [30 35] [35 15] [35 10] [30 25]
 694 [25 15] [30 15] [30 30] [35 10] [30 35] [30 25] [35 5] [30 5] [30 10] [35 15]
 695 [35 15] [30 5] [30 10] [30 15] [35 10] [25 15] [30 25] [30 30] [35 5] [30 35]
 696 [30 35] [35 15] [35 10] [30 30] [35 5] [30 5] [30 25] [30 15] [30 10] [25 15]
 697 [25 15] [35 10] [30 25] [30 10] [35 15] [35 5] [30 35] [30 30] [30 5] [30 15]
 698 [30 25] [35 5] [30 35] [30 5] [30 10] [30 15] [30 30] [35 15] [35 10] [25 15]
 699 [30 30] [35 10] [35 15] [25 15] [30 10] [30 15] [30 35] [30 5] [35 5] [30 25]
 700 [35 15] [30 5] [30 25] [25 15] [35 10] [30 30] [30 15] [35 5] [30 35] [30 10]
 702 [30 10] [25 15] [35 10] [35 15] [20 15] [30 5] [25 10] [35 5] [25 5] [30 15]
 701 [30 10] [25 15] [35 15] [30 15] [20 15] [25 5] [35 5] [35 10] [30 5] [25 10]
 703 [25 5] [35 5] [25 15] [30 15] [25 10] [20 15] [35 10] [30 10] [35 15] [30 5]
 704 [35 15] [20 15] [30 15] [35 10] [25 5] [30 5] [30 10] [25 10] [35 5] [25 15]
 705 [35 15] [25 5] [30 5] [35 10] [30 15] [25 15] [25 10] [35 5] [20 15] [30 10]
 706 [30 10] [25 10] [30 15] [30 5] [35 15] [35 10] [35 5] [20 15] [25 15] [25 5]
 707 [35 10] [20 15] [35 15] [25 5] [25 10] [25 15] [30 5] [35 5] [30 10] [30 15]
 708 [30 5] [25 10] [35 15] [35 10] [25 5] [35 5] [30 10] [30 15] [25 15] [20 15]
 709 [20 15] [25 15] [35 15] [35 5] [25 5] [30 5] [30 15] [30 10] [25 10] [35 10]
 710 [25 15] [35 5] [25 5] [30 5] [35 10] [30 10] [20 15] [35 15] [25 10] [30 15]
 711 [25 5] [20 15] [30 15] [25 15] [35 5] [35 10] [30 10] [30 5] [25 10] [35 15]
 712 [20 15] [30 15] [25 5] [25 10] [35 15] [35 5] [30 5] [25 15] [35 10] [30 10]
 713 [25 15] [25 5] [35 15] [20 15] [30 5] [30 10] [30 15] [35 10] [35 5] [25 10]
 714 [20 15] [35 5] [30 10] [35 10] [30 5] [30 15] [25 10] [35 15] [25 15] [25 5]
 715 [35 10] [25 15] [35 5] [30 15] [25 5] [35 15] [25 10] [30 10] [20 15] [30 5]
 716 [25 10] [30 10] [35 10] [25 5] [30 5] [35 5] [30 15] [25 15] [35 15] [20 15]
 717 [25 10] [35 5] [35 10] [30 5] [25 15] [35 15] [20 15] [30 10] [25 5] [30 15]
 718 [35 5] [25 15] [25 10] [30 10] [25 5] [35 15] [20 15] [35 10] [30 5] [30 15]
 719 [25 5] [30 5] [25 10] [25 15] [30 10] [30 15] [35 5] [20 15] [35 10] [35 15]
 720 [25 15] [30 15] [30 5] [25 10] [20 15] [30 10] [35 10] [35 5] [25 5] [35 15]
 722 [25 10] [30 10] [35 25] [30 35] [25 25] [30 25] [30 5] [30 30] [30 15] [35 35] [35 5] [35 10] [25 15] [35 30] [35 15]
 721 [35 10] [25 15] [35 30] [30 10] [25 25] [25 10] [35 25] [35 5] [30 35] [30 15] [35 15] [30 5] [35 35] [30 25] [30 30]
 723 [30 10] [35 10] [30 30] [30 5] [25 25] [30 15] [35 30] [35 5] [30 25] [35 15] [35 35] [25 15] [25 10] [35 25] [30 35]
 724 [35 10] [30 15] [35 35] [30 25] [35 15] [25 15] [25 10] [30 30] [30 5] [35 30] [25 25] [30 35] [30 10] [35 5] [35 25]
 725 [25 10] [30 35] [35 35] [35 25] [30 30] [30 15] [25 25] [30 25] [35 5] [35 30] [30 10] [35 10] [30 5] [25 15] [35 15]
 726 [30 30] [35 35] [25 15] [30 10] [25 25] [25 10] [30 15] [35 25] [30 25] [35 5] [30 5] [35 15] [35 10] [30 35] [35 30]
 727 [30 15] [30 5] [30 10] [25 10] [25 25] [30 25] [35 10] [30 30] [35 15] [35 35] [25 15] [30 35] [35 25] [35 30] [35 5]
 728 [25 15] [30 25] [30 10] [30 15] [35 35] [30 35] [35 5] [35 30] [35 10] [30 30] [30 5] [25 10] [35 15] [35 25] [25 25]
 729 [35 5] [30 30] [35 25] [35 10] [25 15] [25 10] [30 10] [25 25] [30 25] [35 35] [35 15] [30 5] [30 15] [35 30] [30 35]
 730 [35 35] [35 25] [30 30] [30 35] [30 10] [30 25] [30 5] [35 15] [35 5] [25 25] [25 15] [35 10] [25 10] [30 15] [35 30]
 731 [25 10] [30 25] [25 25] [35 15] [25 5] [30 35] [25 30] [35 5] [25 35] [30 5] [35 10] [30 10] [30 15] [30 30] [25 15]
 732 [35 5] [25 5] [35 10] [30 35] [25 25] [25 10] [30 30] [30 5] [25 30] [35 15] [25 15] [30 10] [30 25] [30 15] [25 35]
 733 [35 10] [30 5] [30 15] [25 35] [25 25] [30 10] [30 30] [25 5] [25 30] [30 35] [30 25] [35 5] [25 10] [35 15] [25 15]
 734 [25 15] [25 25] [35 10] [30 35] [30 25] [35 5] [35 15] [30 10] [25 5] [30 5] [30 15] [25 30] [25 35] [25 10] [30 30]
 735 [30 5] [35 10] [30 25] [25 5] [25 15] [35 5] [30 15] [35 15] [25 35] [25 30] [30 10] [25 25] [30 30] [30 35] [25 10]
 736 [30 25] [25 5] [30 5] [30 35] [25 25] [35 15] [25 10] [35 5] [25 15] [35 10] [25 35] [30 10] [30 15] [25 30] [30 30]
 737 [25 25] [25 5] [30 35] [35 10] [35 5] [30 5] [30 10] [30 30] [35 15] [25 35] [30 15] [25 10] [25 30] [25 15] [30 25]
 738 [30 15] [30 30] [25 15] [35 5] [25 10] [35 10] [30 35] [35 15] [30 5] [30 10] [25 5] [25 30] [25 25] [25 35] [30 25]
 739 [30 30] [25 35] [30 35] [25 30] [30 25] [30 15] [35 5] [30 5] [25 15] [30 10] [35 15] [25 10] [25 5] [35 10] [25 25]
 740 [30 25] [25 25] [35 10] [30 15] [25 10] [25 15] [35 15] [25 35] [30 30] [30 10] [25 30] [30 5] [25 5] [30 35] [35 5]
 741 [30 15] [20 30] [25 10] [20 25] [25 15] [25 5] [35 5] [30 5] [35 10] [35 15] [20 10] [20 35] [20 15] [20 5] [30 10]
 742 [20 15] [30 15] [25 10] [25 5] [30 10] [20 25] [20 5] [35 5] [35 15] [20 35] [25 15] [35 10] [20 10] [20 30] [30 5]
 743 [30 5] [25 5] [35 10] [20 30] [20 25] [25 10] [25 15] [20 10] [20 35] [20 15] [30 15] [35 15] [30 10] [35 5] [20 5]
 744 [25 15] [35 15] [20 10] [30 10] [30 5] [20 25] [20 35] [20 5] [25 5] [30 15] [35 5] [25 10] [20 30] [35 10] [20 15]
 745 [35 10] [20 30] [30 10] [20 10] [20 5] [25 15] [25 5] [35 5] [20 25] [20 35] [25 10] [35 15] [30 5] [20 15] [30 15]
 746 [20 5] [20 25] [20 30] [25 10] [20 35] [25 5] [35 10] [35 15] [20 10] [30 10] [20 15] [30 15] [25 15] [30 5] [35 5]
 747 [20 15] [20 25] [20 35] [20 10] [35 10] [20 5] [25 5] [30 5] [35 15] [25 15] [30 15] [30 10] [35 5] [20 30] [25 10]
 748 [30 15] [20 5] [30 10] [35 5] [20 30] [20 35] [35 15] [20 15] [20 25] [25 15] [20 10] [25 10] [30 5] [35 10] [25 5]
 749 [30 5] [35 5] [20 15] [30 15] [35 15] [35 10] [20 30] [25 10] [20 35] [20 25] [25 15] [20 10] [30 10] [25 5] [20 5]
 750 [20 30] [20 35] [35 10] [20 15] [20 25] [25 10] [20 10] [35 15] [30 15] [30 10] [25 15] [30 5] [35 5] [25 5] [20 5]
 751 [30 5] [20 15] [25 15] [35 10] [15 25] [30 10] [20 10] [35 5] [35 15] [15 15] [25 5] [20 5] [30 15] [15 10] [25 10]
 752 [20 5] [35 15] [25 15] [30 5] [15 15] [25 5] [15 10] [20 15] [15 25] [30 15] [35 5] [25 10] [30 10] [20 10] [35 10]
 753 [30 5] [20 10] [25 10] [25 15] [25 5] [15 10] [20 5] [15 15] [35 15] [30 10] [30 15] [15 25] [35 5] [20 15] [35 10]
 754 [30 15] [25 15] [35 15] [20 5] [15 10] [25 10] [15 15] [30 5] [20 10] [35 10] [25 5] [20 15] [35 5] [15 25] [30 10]
 755 [25 5] [30 5] [20 5] [20 10] [35 5] [20 15] [15 15] [35 15] [25 10] [15 10] [30 10] [25 15] [15 25] [30 15] [35 10]
 756 [30 15] [35 10] [30 5] [15 10] [20 5] [30 10] [15 15] [25 15] [25 5] [20 10] [35 5] [15 25] [35 15] [25 10] [20 15]
 757 [30 10] [15 25] [35 15] [30 5] [25 10] [20 15] [20 5] [20 10] [25 5] [35 10] [25 15] [15 15] [30 15] [15 10] [35 5]
 759 [20 15] [25 5] [30 15] [15 25] [20 5] [30 5] [25 15] [15 10] [15 15] [30 10] [35 15] [20 10] [25 10] [35 10] [35 5]
 758 [30 5] [35 15] [15 25] [15 15] [25 15] [35 5] [15 10] [30 10] [25 5] [25 10] [35 10] [20 15] [20 5] [20 10] [30 15]
 761 [25 15] [35 25] [30 15] [35 10] [30 30] [30 5] [35 35] [20 25] [30 35] [25 35] [35 15] [30 25] [25 30] [25 25] [35 5] [20 15] [30 10] [25 5] [35 30] [25 10]
 760 [20 10] [20 5] [20 15] [30 15] [25 5] [35 15] [30 10] [30 5] [25 10] [35 10] [15 25] [15 15] [15 10] [35 5] [25 15]
 762 [35 30] [20 15] [35 10] [25 10] [30 35] [25 15] [30 15] [35 5] [25 35] [25 25] [35 25] [35 35] [30 10] [25 30] [30 30] [35 15] [25 5] [30 5] [30 25] [20 25]
 763 [25 35] [30 10] [30 15] [20 15] [30 30] [30 35] [20 25] [35 25] [35 10] [35 35] [30 5] [25 25] [25 5] [30 25] [25 10] [35 5] [35 30] [35 15] [25 15] [25 30]
 764 [30 15] [30 30] [25 25] [20 15] [25 35] [35 30] [35 15] [25 30] [25 10] [35 35] [35 25] [35 5] [30 25] [30 10] [30 35] [35 10] [20 25] [30 5] [25 15] [25 5]
 766 [20 15] [35 30] [30 25] [25 10] [35 5] [30 35] [30 30] [25 30] [35 25] [25 15] [35 15] [35 10] [35 35] [30 10] [20 25] [25 25] [25 5] [25 35] [30 15] [30 5]
 765 [35 10] [20 25] [25 5] [35 25] [25 10] [25 35] [25 25] [35 15] [30 35] [35 5] [30 10] [35 35] [30 15] [25 30] [25 15] [30 25] [20 15] [35 30] [30 30] [30 5]
 767 [25 35] [30 30] [30 25] [30 15] [25 30] [25 5] [30 10] [35 5] [20 15] [25 10] [30 5] [35 10] [35 30] [25 25] [20 25] [35 35] [30 35] [35 15] [35 25] [25 15]
 768 [35 15] [25 35] [30 35] [25 25] [30 15] [25 5] [25 10] [30 25] [20 25] [30 10] [35 25] [35 5] [35 30] [30 30] [25 15] [20 15] [30 5] [35 10] [35 35] [25 30]
 769 [35 35] [35 30] [35 5] [30 35] [20 25] [30 5] [25 5] [20 15] [35 15] [30 15] [25 10] [25 15] [30 25] [35 25] [25 30] [30 30] [25 35] [35 10] [25 25] [30 10]
 770 [25 15] [30 30] [20 25] [25 30] [35 5] [30 10] [25 5] [20 15] [30 15] [30 25] [35 10] [35 15] [35 30] [25 25] [35 35] [30 35] [35 25] [30 5] [25 35] [25 10]
 771 [20 25] [35 10] [20 15] [35 15] [30 30] [20 10] [25 30] [30 5] [30 35] [20 30] [25 10] [25 15] [25 35] [30 25] [30 15] [30 10] [25 25] [20 5] [35 5] [25 5]
 772 [20 25] [30 25] [20 15] [25 15] [20 30] [20 10] [30 15] [25 5] [30 35] [20 5] [25 10] [35 15] [35 5] [25 25] [35 10] [25 30] [30 5] [30 30] [25 35] [30 10]
 773 [20 30] [25 25] [25 30] [35 10] [30 15] [20 15] [30 30] [30 10] [20 25] [25 35] [20 5] [25 5] [35 15] [25 10] [30 35] [30 25] [20 10] [30 5] [35 5] [25 15]
 774 [25 15] [30 35] [30 30] [25 30] [35 5] [25 5] [20 10] [30 15] [20 15] [20 30] [35 15] [20 5] [35 10] [30 5] [25 10] [20 25] [25 35] [25 25] [30 25] [30 10]
 775 [20 25] [20 5] [30 35] [30 30] [25 5] [35 5] [20 30] [30 10] [30 5] [35 15] [30 15] [25 10] [25 15] [25 25] [20 10] [30 25] [25 30] [35 10] [20 15] [25 35]
 776 [30 15] [25 5] [30 10] [20 25] [20 5] [25 30] [30 30] [35 10] [35 5] [30 35] [25 35] [25 10] [20 10] [20 30] [30 25] [20 15] [35 15] [30 5] [25 15] [25 25]
 777 [35 5] [20 10] [35 15] [20 5] [30 25] [30 5] [25 30] [20 30] [35 10] [20 25] [20 15] [25 25] [30 15] [25 35] [30 10] [30 30] [25 5] [30 35] [25 10] [25 15]
 779 [20 5] [20 10] [30 15] [35 15] [30 25] [30 5] [35 10] [30 35] [25 15] [20 25] [25 10] [35 5] [30 10] [25 25] [25 30] [20 30] [20 15] [30 30] [25 35] [25 5]
 778 [30 35] [35 15] [20 10] [35 5] [20 5] [25 5] [25 10] [20 15] [30 5] [20 30] [25 35] [25 25] [30 15] [30 10] [25 15] [35 10] [20 25] [25 30] [30 25] [30 30]
 780 [20 15] [30 5] [35 5] [25 30] [20 30] [25 25] [35 10] [25 10] [30 35] [30 10] [25 35] [30 30] [25 5] [30 15] [20 25] [30 25] [20 10] [25 15] [20 5] [35 15]
 781 [20 10] [30 15] [35 15] [15 15] [35 5] [20 35] [25 15] [25 10] [20 5] [20 25] [15 5] [35 10] [20 30] [15 25] [30 10] [15 10] [15 30] [20 15] [30 5] [25 5]
 782 [15 25] [20 35] [35 10] [25 15] [20 10] [15 15] [30 10] [30 5] [30 15] [15 30] [35 15] [20 25] [35 5] [20 15] [15 10] [20 30] [25 5] [20 5] [15 5] [25 10]
 783 [20 10] [25 10] [25 5] [20 30] [20 15] [30 15] [15 30] [30 10] [30 5] [15 10] [15 15] [20 5] [35 10] [15 25] [35 5] [25 15] [20 35] [35 15] [20 25] [15 5]
 784 [15 10] [25 5] [35 10] [35 5] [15 5] [25 10] [20 30] [15 15] [20 35] [30 15] [25 15] [35 15] [20 5] [20 15] [15 30] [30 5] [20 25] [15 25] [20 10] [30 10]
 785 [35 10] [25 10] [20 10] [25 15] [30 15] [15 30] [35 15] [15 15] [20 25] [20 35] [30 5] [15 5] [20 15] [35 5] [15 25] [25 5] [20 5] [30 10] [15 10] [20 30]
 786 [25 10] [20 10] [15 30] [15 25] [20 30] [20 25] [30 5] [35 10] [20 35] [30 10] [15 10] [25 15] [15 5] [35 15] [35 5] [20 15] [25 5] [30 15] [15 15] [20 5]
 787 [35 10] [30 15] [20 10] [35 15] [15 5] [15 25] [15 10] [25 5] [15 30] [30 5] [20 35] [20 5] [30 10] [35 5] [15 15] [20 25] [20 30] [25 10] [25 15] [20 15]
 788 [15 15] [20 15] [20 25] [20 35] [15 10] [30 10] [20 5] [30 15] [35 10] [25 15] [20 30] [25 5] [15 5] [35 15] [30 5] [20 10] [15 25] [35 5] [15 30] [25 10]
 789 [30 15] [30 5] [15 10] [20 30] [20 25] [15 25] [15 5] [20 15] [30 10] [20 5] [25 10] [25 5] [35 5] [15 15] [20 10] [35 10] [25 15] [35 15] [15 30] [20 35]
 790 [25 10] [15 5] [20 30] [30 15] [35 10] [15 25] [25 15] [35 15] [25 5] [30 10] [20 5] [35 5] [15 10] [30 5] [20 25] [20 10] [15 30] [20 15] [15 15] [20 35]
 792 [10 15] [15 10] [30 10] [35 15] [35 10] [15 5] [25 10] [20 10] [15 30] [30 5] [30 15] [25 5] [20 15] [10 25] [35 5] [15 35] [15 25] [20 5] [25 15] [15 15]
 791 [30 5] [10 15] [15 5] [25 5] [15 15] [20 15] [35 10] [15 30] [35 5] [25 10] [10 25] [25 15] [15 10] [30 10] [30 15] [15 35] [20 5] [15 25] [35 15] [20 10]
 793 [35 15] [30 5] [25 10] [25 5] [15 15] [30 15] [25 15] [10 15] [30 10] [35 5] [20 10] [15 25] [20 15] [15 35] [15 10] [15 5] [15 30] [10 25] [20 5] [35 10]
 795 [30 15] [30 10] [20 10] [25 15] [35 15] [10 15] [15 10] [25 10] [25 5] [15 5] [30 5] [35 10] [15 25] [15 35] [20 15] [20 5] [15 30] [35 5] [10 25] [15 15]
 794 [20 5] [15 15] [25 10] [35 15] [35 10] [15 25] [15 35] [30 15] [15 30] [25 15] [10 25] [30 10] [30 5] [10 15] [35 5] [20 15] [25 5] [20 10] [15 5] [15 10]
 796 [20 10] [15 15] [10 25] [20 15] [35 5] [15 30] [25 5] [20 5] [15 35] [35 10] [15 10] [30 5] [30 15] [35 15] [30 10] [15 25] [25 15] [15 5] [25 10] [10 15]
 798 [15 25] [30 5] [15 15] [15 10] [30 15] [35 10] [15 5] [20 15] [25 5] [20 5] [10 15] [20 10] [10 25] [35 15] [15 35] [15 30] [25 15] [25 10] [35 5] [30 10]
 797 [30 5] [15 10] [35 5] [30 10] [25 5] [15 35] [35 10] [20 5] [20 10] [15 30] [25 15] [10 15] [30 15] [35 15] [10 25] [25 10] [20 15] [15 25] [15 5] [15 15]
 799 [30 5] [10 15] [30 10] [25 5] [20 10] [35 5] [15 35] [20 15] [35 15] [15 15] [25 15] [10 25] [20 5] [15 5] [15 25] [15 10] [15 30] [30 15] [35 10] [25 10]
 800 [35 5] [30 5] [20 5] [30 15] [10 15] [15 10] [35 15] [15 5] [10 25] [20 15] [20 10] [25 10] [15 35] [15 30] [35 10] [25 15] [25 5] [15 15] [15 25] [30 10]
