 7
 5
 6
 3
 4
 2
 8
 1
 10
 9
 11
 12
 15
 14
 13
 16
 23 [31 39] [24 3] [23 11] [34 31] [29 15] [30 23] [32 3] [23 26] [26 37] [31 8]
 22 [33 14] [25 1] [20 25] [30 8] [31 32] [20 31] [33 0] [17 15] [27 16] [31 23]
 21 [26 30] [29 11] [25 24] [18 24] [19 29] [34 19] [18 15] [29 5] [33 30] [31 0]
 17
 18
 19
 24 [26 9] [32 33] [19 37] [20 30] [24 4] [19 12] [26 27] [23 17] [34 11] [31 2]
 20
 26 [29 1] [20 26] [26 16] [19 16] [23 39] [16 10] [32 38] [26 10] [31 10] [26 28]
 27 [22 28] [33 22] [30 29] [31 15] [34 2] [17 4] [19 18] [21 37] [27 35] [23 0]
 25 [32 38] [31 14] [30 3] [33 20] [22 0] [25 31] [22 13] [24 18] [33 9] [31 25]
 28 [33 33] [32 26] [29 39] [34 11] [22 9] [26 18] [33 0] [30 5] [34 18] [26 24]
 29 [34 12] [31 37] [26 9] [26 20] [28 30] [21 18] [34 26] [33 31] [27 15] [32 4]
 30 [18 5] [29 12] [24 19] [33 27] [32 22] [20 38] [29 0] [28 35] [26 30] [27 6]
 32 [19 35] [31 17] [33 5] [27 2] [21 26] [25 7] [31 12] [19 4] [22 13] [21 20]
 31 [20 36] [24 7] [22 13] [33 15] [16 30] [29 2] [34 6] [16 6] [21 27] [28 12]
 36 [30 16] [32 9] [30 2] [19 25] [24 1] [21 7] [19 19] [19 35] [27 10] [24 15]
 33 [24 14] [17 22] [30 2] [25 1] [17 10] [34 11] [29 13] [25 6] [34 18] [20 29]
 35 [16 4] [26 3] [31 16] [19 11] [21 35] [33 11] [19 22] [23 17] [33 3] [24 10]
 34 [34 5] [20 16] [33 10] [27 13] [29 18] [34 18] [27 7] [21 7] [28 1] [19 27]
 37 [19 38] [26 18] [25 13] [20 22] [32 12] [25 4] [30 6] [19 14] [30 1] [34 17]
 38 [21 28] [33 12] [32 1] [28 10] [34 6] [22 11] [21 37] [27 18] [16 5] [27 2]
 39 [33 17] [17 9] [26 7] [27 18] [22 12] [16 31] [31 3] [32 11] [18 38] [24 1]
 40 [27 16] [22 18] [34 6] [20 35] [20 0] [32 16] [25 10] [26 1] [20 12] [32 11]
 41 [22 17] [17 11] [31 2] [20 0] [27 34] [32 36] [19 5] [18 29] [20 22] [32 30] [31 22] [15 18] [25 3] [20 37] [27 39] [31 7] [33 12] [25 9] [30 17] [25 28]
 42 [29 12] [23 6] [22 25] [34 8] [34 14] [24 0] [22 39] [24 33] [34 0] [17 30] [32 30] [18 11] [34 38] [27 25] [24 11] [28 5] [28 38] [29 20] [19 20] [32 25]
 43 [34 18] [29 19] [31 30] [18 39] [18 23] [30 13] [31 2] [24 8] [32 8] [20 15] [24 23] [30 25] [15 32] [18 4] [33 36] [24 0] [23 38] [26 31] [20 32] [28 37]
 45 [28 39] [34 17] [17 24] [33 37] [21 38] [27 19] [25 24] [18 10] [33 12] [16 29] [20 0] [31 31] [31 7] [34 23] [27 0] [22 19] [24 8] [26 29] [33 0] [19 5]
 44 [34 31] [23 32] [18 4] [29 8] [24 7] [31 18] [28 33] [27 38] [34 4] [27 1] [30 13] [18 26] [18 34] [23 20] [15 19] [18 11] [25 25] [32 23] [34 36] [23 15]
 46 [18 22] [34 36] [20 38] [33 7] [30 12] [28 28] [23 22] [23 27] [33 21] [17 5] [18 33] [34 29] [32 1] [25 13] [23 1] [18 11] [25 7] [20 16] [28 22] [27 35]
 47 [24 11] [16 34] [23 29] [32 5] [19 17] [32 31] [34 16] [18 0] [27 39] [31 11] [23 0] [23 34] [34 23] [17 28] [27 5] [24 23] [33 39] [19 9] [29 26] [26 17]
 48 [34 23] [18 30] [32 39] [25 29] [32 28] [17 23] [30 5] [22 15] [22 2] [33 17] [22 9] [30 11] [32 34] [16 8] [27 18] [30 0] [21 35] [26 24] [26 37] [17 15]
 49 [28 13] [31 38] [34 0] [17 26] [20 1] [34 32] [26 36] [23 15] [24 6] [18 13] [25 1] [22 31] [34 24] [32 5] [34 13] [30 18] [27 30] [25 21] [20 39] [18 7]
 50 [24 9] [15 35] [29 3] [33 19] [33 39] [32 24] [20 16] [27 33] [34 7] [27 14] [23 2] [32 33] [34 1] [27 20] [24 28] [34 13] [17 4] [22 37] [18 10] [29 9]
 53 [15 33] [17 23] [20 15] [1 39] [23 4] [16 4] [20 34] [29 14] [34 15] [20 9] [2 28] [30 7] [15 16] [15 11] [1 22] [15 28] [31 0] [20 29] [19 39] [25 9]
 52 [18 17] [20 31] [15 28] [17 22] [25 17] [19 0] [2 13] [1 21] [21 39] [7 5] [31 0] [10 16] [15 5] [15 10] [15 37] [23 12] [20 7] [25 3] [31 6] [32 14]
 51 [31 2] [15 13] [34 15] [18 8] [34 9] [27 17] [13 1] [19 3] [5 33] [2 14] [17 31] [20 17] [19 36] [23 8] [15 19] [6 26] [25 3] [9 10] [29 9] [18 24]
 55 [21 33] [16 2] [11 20] [26 10] [26 18] [4 24] [20 39] [18 8] [29 2] [32 15] [4 11] [33 7] [34 1] [18 24] [15 33] [0 16] [15 39] [16 16] [21 17] [21 3]
 54 [27 1] [34 12] [33 0] [16 13] [17 2] [34 6] [5 38] [22 14] [17 8] [34 18] [28 14] [19 28] [22 1] [25 6] [16 36] [15 19] [20 19] [21 38] [21 33] [6 27]
 56 [21 29] [19 23] [15 0] [34 4] [36 18] [20 37] [29 9] [15 39] [16 18] [30 14] [1 22] [16 12] [20 4] [15 5] [29 2] [15 34] [15 28] [24 17] [21 12] [34 9]
 57 [17 39] [16 6] [22 18] [21 23] [23 2] [33 8] [34 18] [34 13] [24 7] [28 17] [16 22] [15 16] [26 12] [11 9] [17 30] [19 11] [17 0] [8 16] [31 0] [0 33]
 58 [10 4] [31 9] [16 1] [7 19] [19 15] [21 0] [16 10] [9 25] [0 5] [19 20] [17 38] [1 20] [22 7] [29 14] [34 4] [19 31] [19 25] [34 15] [24 15] [27 0]
 60 [18 2] [15 31] [21 37] [23 15] [5 11] [23 6] [10 28] [16 16] [23 1] [20 26] [18 9] [32 14] [17 21] [15 26] [16 39] [4 34] [28 0] [34 1] [21 32] [31 7]
 59 [21 36] [16 35] [10 11] [26 15] [34 8] [24 1] [21 12] [34 15] [26 8] [29 2] [39 14] [19 20] [18 26] [1 24] [34 0] [21 31] [19 7] [16 12] [18 0] [12 26]
 62
 61
 63
 64
 65
 66
 67
 68
 69
 70
 71
 72
 73
 74
 75
 76
 77
 78
 79
 81 [32 24] [27 17] [21 24] [34 37] [28 36] [34 0] [17 6] [32 17] [33 31] [21 35]
 80
 82 [24 39] [34 28] [29 7] [25 32] [33 0] [30 14] [20 2] [22 16] [29 21] [34 35]
 83 [28 4] [20 13] [29 24] [21 4] [27 31] [33 4] [23 19] [22 38] [31 10] [30 18]
 84 [20 17] [26 32] [33 14] [19 31] [29 2] [27 15] [22 26] [34 7] [31 35] [29 25]
 85 [25 0] [29 38] [21 24] [20 29] [28 28] [29 21] [20 2] [30 3] [34 18] [28 14]
 86 [28 5] [33 16] [27 27] [22 8] [22 29] [26 17] [34 27] [34 33] [31 21] [33 7]
 87 [26 37] [24 9] [22 14] [29 10] [32 32] [34 19] [26 26] [31 39] [25 19] [34 4]
 88 [27 31] [34 1] [30 36] [24 9] [23 19] [34 9] [17 23] [24 4] [33 27] [30 19]
 89 [15 13] [27 34] [34 16] [34 23] [28 17] [30 39] [26 8] [31 9] [19 19] [26 29]
 90 [22 6] [25 0] [25 11] [33 14] [23 36] [33 29] [28 39] [29 34] [31 21] [20 31]
 91 [17 33] [25 2] [19 25] [25 16] [30 1] [19 3] [31 8] [22 10] [31 18] [32 13]
 92 [17 37] [25 3] [22 8] [33 0] [24 15] [20 31] [31 14] [21 26] [32 8] [20 21]
 93 [17 26] [33 6] [20 5] [33 17] [22 18] [27 8] [26 13] [31 1] [20 31] [22 0]
 94 [28 8] [21 39] [33 7] [25 2] [18 19] [32 13] [18 9] [21 25] [23 11] [19 31]
 95 [20 22] [34 3] [26 1] [18 16] [16 37] [25 10] [18 6] [32 9] [33 16] [19 1]
 96 [21 19] [34 14] [31 4] [26 4] [21 27] [19 35] [19 3] [16 21] [29 16] [23 12]
 97 [17 36] [34 10] [27 17] [25 0] [24 11] [15 8] [29 11] [31 0] [15 29] [21 16]
 98 [21 30] [33 2] [20 22] [28 3] [22 15] [32 18] [20 1] [17 36] [33 13] [20 9]
 99 [17 38] [20 21] [25 0] [24 12] [34 0] [30 12] [34 17] [18 3] [29 6] [27 17]
 101 [18 39] [20 5] [22 21] [31 26] [33 3] [19 0] [20 13] [32 37] [34 9] [23 36] [26 27] [33 20] [34 14] [26 1] [26 10] [33 32] [21 31] [16 18] [21 26] [28 18]
 102 [32 19] [19 31] [16 3] [22 5] [27 18] [33 8] [21 0] [33 0] [16 15] [33 25] [28 0] [22 12] [22 17] [25 23] [30 13] [34 34] [29 39] [27 31] [17 23] [27 6]
 100 [31 4] [26 18] [19 9] [34 9] [18 38] [32 18] [16 0] [20 19] [28 10] [26 5]
 103 [32 21] [34 30] [23 7] [18 8] [26 22] [29 37] [34 2] [28 7] [18 27] [24 27] [29 27] [24 38] [34 39] [28 13] [34 12] [21 17] [18 0] [15 15] [21 33] [24 0]
 104 [29 23] [23 28] [23 35] [34 24] [31 16] [26 11] [22 5] [32 38] [17 8] [24 21] [16 32] [33 11] [25 0] [30 4] [19 13] [25 16] [28 30] [18 22] [18 38] [33 31]
 106 [30 33] [26 27] [21 15] [32 28] [16 20] [34 11] [34 39] [34 5] [32 0] [29 39] [27 0] [23 35] [22 6] [16 34] [18 39] [27 20] [29 13] [18 27] [34 19] [27 5]
 105 [19 27] [34 0] [30 6] [19 14] [34 21] [30 35] [29 20] [25 28] [24 5] [25 10] [17 8] [25 37] [25 0] [20 39] [31 12] [31 26] [24 15] [16 2] [20 32] [19 21]
 107 [20 3] [19 39] [31 9] [34 0] [25 8] [15 24] [29 1] [25 19] [32 38] [18 17] [25 36] [19 10] [19 33] [25 13] [21 27] [30 33] [33 26] [26 26] [20 22] [31 17]
 109 [32 36] [16 34] [18 21] [25 0] [31 2] [24 39] [19 7] [27 27] [24 7] [30 9] [34 19] [32 30] [19 2] [19 12] [24 14] [34 14] [20 26] [29 18] [32 25] [25 34]
 108 [23 18] [18 8] [17 23] [24 39] [27 28] [21 28] [32 38] [24 7] [16 1] [17 39] [22 1] [33 0] [25 23] [33 9] [24 13] [18 33] [32 29] [34 15] [34 22] [28 0]
 110 [24 14] [15 2] [18 10] [32 26] [21 35] [31 15] [18 22] [34 31] [25 19] [26 31] [27 1] [26 26] [34 3] [32 10] [22 5] [30 36] [19 29] [19 15] [27 8] [32 20]
 111 [5 5] [28 0] [20 7] [15 4] [15 9] [26 18] [32 15] [26 6] [19 31] [18 26] [21 36] [16 14] [22 13] [17 20] [27 13] [0 9] [34 2] [23 0] [16 36] [34 8]
 112 [9 10] [0 30] [25 12] [17 14] [15 8] [34 1] [21 5] [27 3] [16 3] [0 10] [34 12] [17 36] [22 0] [24 17] [32 17] [19 29] [10 15] [18 20] [10 20] [32 7]
 113 [9 1] [25 18] [17 23] [32 4] [19 6] [20 18] [30 16] [7 14] [15 18] [32 9] [25 0] [19 13] [15 35] [9 22] [18 30] [20 39] [24 13] [19 0] [4 28] [24 7]
 115 [34 1] [15 10] [29 6] [17 2] [24 0] [21 14] [29 1] [16 39] [26 16] [32 17] [15 22] [23 5] [16 34] [21 37] [20 21] [19 27] [34 6] [15 16] [26 11] [31 11]
 114 [15 7] [33 15] [39 7] [23 0] [21 8] [18 20] [18 1] [21 30] [15 34] [33 1] [28 1] [28 6] [28 17] [19 25] [21 15] [27 11] [21 38] [33 9] [15 39] [15 14]
 117 [17 11] [12 24] [19 33] [32 0] [27 0] [19 26] [2 1] [19 0] [33 5] [7 36] [18 6] [26 7] [33 13] [0 38] [25 15] [16 39] [17 17] [33 18] [3 18] [21 39]
 116 [20 29] [19 14] [9 30] [26 10] [20 19] [15 19] [29 2] [15 31] [18 24] [18 6] [0 37] [27 16] [34 2] [15 38] [16 0] [23 4] [14 14] [21 37] [31 11] [34 17]
 118 [15 39] [19 23] [17 17] [2 30] [18 5] [29 18] [20 36] [34 18] [32 7] [32 1] [24 10] [17 29] [15 34] [19 11] [5 37] [26 0] [30 13] [17 0] [24 5] [24 18]
 120 [15 11] [18 0] [10 23] [34 18] [25 7] [29 16] [33 0] [21 18] [23 2] [18 24] [19 37] [31 5] [5 23] [19 32] [34 12] [22 13] [28 0] [17 6] [11 16] [16 17]
 119 [22 11] [15 37] [21 20] [33 1] [4 33] [16 24] [15 2] [21 37] [20 3] [10 0] [27 1] [17 30] [31 13] [34 18] [26 6] [17 9] [34 6] [29 18] [21 25] [16 16]
 121
 122
 123
 124
 125
 126
 127
 128
 129
 130
 131
 132
 133
 134
 135
 136
 137
 138
 141 [34 17] [33 24] [24 12] [21 32] [31 38] [28 31] [32 5] [24 24] [27 6] [21 4]
 142 [20 12] [20 34] [26 8] [32 36] [32 31] [29 16] [24 18] [31 10] [16 23] [32 22]
 139
 143 [23 18] [32 36] [28 0] [30 31] [34 3] [32 12] [34 17] [26 37] [26 7] [18 4]
 140
 144 [16 3] [26 8] [24 30] [28 3] [32 38] [19 8] [23 3] [34 17] [29 33] [34 9]
 145 [22 28] [18 38] [29 13] [28 7] [29 33] [22 0] [34 18] [34 35] [24 37] [27 22]
 146 [34 23] [29 34] [29 25] [29 8] [27 14] [20 26] [28 3] [28 20] [24 8] [16 4]
 147 [31 39] [30 7] [34 14] [19 25] [31 21] [25 2] [22 16] [33 33] [25 9] [34 1]
 148 [24 33] [33 38] [23 25] [34 13] [15 8] [30 1] [34 18] [29 13] [28 23] [33 31]
 150 [30 11] [33 32] [29 16] [24 22] [18 20] [28 3] [21 1] [34 4] [29 22] [34 38]
 149 [31 36] [26 16] [19 18] [34 30] [23 23] [31 23] [34 2] [22 1] [30 8] [26 35]
 151 [27 18] [21 26] [27 12] [27 5] [32 18] [26 0] [18 37] [18 7] [34 6] [22 14]
 152 [17 16] [23 18] [31 15] [18 29] [17 21] [24 9] [29 2] [24 1] [17 6] [30 9]
 153 [26 9] [23 16] [18 2] [34 15] [21 32] [21 9] [27 1] [20 27] [32 5] [18 14]
 154 [19 23] [26 17] [25 8] [31 7] [19 28] [34 0] [29 1] [33 13] [21 18] [18 4]
 155 [27 13] [18 16] [26 2] [19 25] [31 1] [22 7] [21 34] [34 17] [28 8] [33 7]
 156 [21 36] [24 12] [18 10] [28 2] [27 7] [18 28] [32 14] [34 9] [34 2] [21 4]
 157 [19 37] [17 0] [22 12] [17 21] [34 2] [21 27] [18 5] [34 16] [30 7] [29 17]
 158 [34 5] [28 16] [28 5] [17 2] [15 15] [32 10] [26 0] [21 10] [21 21] [20 39]
 159 [20 26] [30 12] [30 5] [20 1] [21 36] [24 6] [15 11] [23 13] [29 18] [25 0]
 160 [21 20] [32 2] [34 18] [19 38] [16 5] [34 7] [27 4] [15 28] [32 12] [25 13]
 161 [18 5] [17 35] [30 7] [26 17] [29 33] [28 2] [22 35] [24 22] [25 27] [30 38] [33 21] [33 2] [22 11] [34 32] [17 29] [17 14] [27 12] [32 27] [34 15] [23 3]
 162 [33 19] [23 39] [17 39] [20 10] [23 21] [23 26] [31 30] [30 35] [24 34] [28 17] [23 3] [32 9] [34 3] [30 24] [26 8] [34 14] [19 32] [18 27] [17 4] [29 1]
 163 [34 7] [17 32] [26 28] [23 38] [32 30] [19 10] [28 5] [17 38] [31 25] [25 14] [18 3] [33 12] [26 0] [33 19] [30 39] [16 15] [31 0] [25 33] [24 21] [16 24]
 164 [18 15] [15 3] [17 26] [32 37] [34 1] [22 0] [30 6] [26 38] [31 18] [25 25] [26 31] [32 32] [19 37] [32 11] [30 24] [19 21] [22 9] [28 0] [26 15] [20 32]
 165 [28 18] [16 8] [17 37] [17 3] [34 18] [30 13] [24 3] [23 9] [16 31] [23 35] [34 6] [29 26] [34 1] [34 24] [32 31] [23 28] [29 4] [20 15] [17 20] [31 39]
 167 [33 20] [27 10] [34 0] [34 25] [26 30] [31 30] [29 0] [21 32] [32 35] [25 19] [15 35] [18 24] [18 0] [19 12] [33 12] [25 24] [19 18] [27 37] [23 2] [31 5]
 166 [20 22] [21 13] [32 11] [32 16] [22 8] [31 4] [19 0] [24 38] [17 37] [30 37] [29 22] [34 21] [30 27] [33 32] [27 10] [24 2] [18 27] [26 16] [24 30] [15 16]
 168 [16 22] [18 8] [24 18] [29 0] [31 22] [18 17] [19 27] [20 37] [18 0] [34 11] [15 39] [34 38] [28 36] [34 28] [32 17] [26 26] [29 6] [24 10] [34 6] [24 1]
 170 [34 29] [19 28] [34 1] [16 1] [31 23] [24 29] [26 23] [19 20] [23 12] [34 11] [19 37] [23 3] [25 17] [31 16] [17 9] [29 30] [33 35] [29 1] [28 7] [25 39]
 169 [17 29] [25 16] [17 19] [20 24] [34 25] [25 21] [30 9] [34 32] [33 1] [34 18] [23 35] [18 36] [24 6] [29 33] [15 24] [18 1] [21 11] [26 26] [24 1] [30 38]
 171 [33 12] [21 4] [17 20] [29 0] [34 0] [21 26] [6 2] [16 4] [15 25] [27 11] [32 18] [22 17] [18 32] [16 37] [21 38] [14 13] [19 11] [32 6] [27 17] [27 5]
 172 [21 24] [19 6] [26 2] [17 11] [21 29] [21 34] [7 1] [8 7] [19 19] [28 7] [16 30] [22 12] [31 15] [26 18] [31 1] [18 1] [34 8] [15 25] [21 39] [16 37]
 173 [20 30] [8 17] [33 10] [15 15] [15 33] [17 20] [30 4] [7 39] [0 21] [1 35] [21 4] [1 3] [17 25] [17 38] [16 0] [27 11] [22 10] [22 15] [30 16] [15 6]
 174 [15 36] [28 5] [21 39] [15 31] [33 5] [24 12] [26 18] [16 26] [31 17] [20 33] [16 3] [20 21] [21 27] [25 0] [33 10] [17 16] [30 0] [15 21] [18 8] [23 5]
 176 [6 2] [29 18] [15 18] [16 8] [15 24] [15 13] [20 20] [23 9] [4 31] [21 15] [29 13] [32 8] [20 3] [18 35] [19 29] [28 1] [34 14] [2 19] [34 2] [15 3]
 175 [20 27] [21 22] [25 5] [0 0] [25 0] [18 36] [30 14] [15 22] [33 5] [3 15] [8 6] [25 10] [18 13] [20 6] [24 15] [5 25] [15 30] [34 0] [15 8] [17 0]
 178 [10 18] [8 13] [33 14] [28 17] [25 6] [18 0] [17 11] [15 27] [17 5] [23 1] [27 12] [21 20] [20 27] [32 2] [22 11] [34 8] [39 15] [19 39] [15 20] [19 32]
 177 [33 0] [19 32] [17 21] [15 27] [32 18] [28 2] [27 18] [17 12] [23 13] [25 7] [4 31] [33 5] [20 27] [22 18] [15 39] [11 15] [30 13] [18 5] [21 38] [19 0]
 179 [21 22] [17 17] [25 17] [15 37] [33 14] [6 13] [15 31] [21 35] [2 39] [4 32] [1 9] [3 3] [19 10] [28 8] [16 24] [33 8] [28 3] [19 4] [21 27] [34 1]
 180 [19 37] [22 13] [25 18] [8 8] [18 25] [16 12] [4 3] [5 17] [14 36] [31 6] [19 18] [31 11] [24 0] [31 18] [17 1] [25 7] [18 31] [18 7] [32 1] [8 23]
 181
 182
 183
 184
 186
 185
 187
 188
 189
 190
 191
 192
 193
 194
 195
 197
 196
 201 [21 16] [29 16] [22 32] [34 22] [22 39] [18 4] [28 31] [26 9] [31 3] [25 3]
 198
 202 [16 3] [32 29] [24 30] [31 35] [21 22] [20 15] [24 4] [33 22] [30 15] [33 9]
 199
 200
 203 [34 1] [15 23] [27 12] [21 4] [22 18] [31 25] [20 32] [32 20] [15 4] [33 15]
 204 [28 8] [29 35] [24 20] [27 2] [34 28] [34 38] [19 10] [21 30] [27 14] [33 13]
 205 [23 2] [31 34] [32 9] [20 32] [33 27] [32 14] [22 12] [34 21] [24 18] [34 4]
 206 [22 33] [29 18] [31 33] [29 2] [34 18] [20 27] [22 11] [22 19] [31 7] [29 26]
 207 [15 33] [33 3] [34 9] [18 1] [33 31] [19 13] [29 37] [23 7] [24 26] [27 13]
 208 [33 33] [27 28] [21 19] [32 3] [25 2] [21 26] [24 37] [29 13] [18 12] [34 9]
 209 [21 19] [30 13] [31 6] [26 21] [18 9] [26 31] [17 29] [31 33] [31 19] [26 7]
 210 [25 3] [17 20] [27 13] [34 19] [34 4] [30 38] [23 8] [16 9] [28 23] [27 32]
 211 [21 36] [16 7] [26 13] [26 1] [21 11] [16 28] [34 5] [21 23] [31 12] [32 17]
 213 [21 35] [18 28] [34 6] [31 0] [28 6] [25 11] [21 3] [17 10] [30 12] [31 17]
 212 [29 9] [21 37] [18 5] [33 0] [29 18] [21 23] [26 4] [24 17] [16 24] [34 7]
 214 [19 34] [16 24] [34 8] [32 1] [17 19] [23 0] [22 6] [34 17] [27 15] [28 6]
 215 [30 15] [17 18] [24 13] [29 0] [34 8] [21 0] [20 35] [19 30] [29 7] [15 9]
 216 [20 27] [29 16] [19 21] [34 3] [31 9] [34 14] [24 5] [23 11] [18 2] [21 37]
 217 [17 5] [22 10] [19 18] [21 39] [29 4] [18 33] [31 9] [19 0] [30 14] [34 1]
 219 [17 29] [29 11] [18 37] [17 9] [27 18] [18 16] [30 2] [23 4] [32 16] [24 12]
 218 [33 9] [31 16] [29 0] [21 11] [16 7] [21 17] [23 6] [34 4] [26 15] [17 31]
 221 [19 31] [29 29] [33 9] [26 23] [18 10] [27 35] [33 15] [20 18] [20 23] [24 30] [26 8] [26 16] [33 23] [34 35] [34 28] [15 25] [33 4] [22 3] [27 3] [15 17]
 222 [29 0] [20 34] [27 7] [22 0] [15 33] [27 36] [29 28] [30 15] [26 23] [34 4] [32 34] [33 9] [15 0] [34 20] [19 6] [19 39] [21 15] [32 39] [18 27] [34 26]
 220 [32 4] [19 18] [27 0] [20 0] [27 14] [21 27] [33 10] [17 11] [33 18] [15 37]
 224 [30 20] [24 25] [31 11] [24 12] [34 0] [16 6] [31 36] [24 0] [20 35] [22 17] [33 31] [26 39] [18 1] [18 24] [33 6] [15 32] [25 6] [31 25] [26 32] [19 11]
 223 [21 27] [17 37] [31 36] [29 30] [16 26] [17 18] [16 0] [28 22] [22 7] [34 2] [29 14] [25 0] [26 36] [23 15] [34 7] [34 29] [34 12] [29 9] [33 22] [17 13]
 225 [34 31] [31 7] [21 20] [22 31] [26 24] [19 25] [27 17] [34 17] [32 25] [34 0] [18 4] [28 36] [17 15] [34 39] [23 36] [28 2] [16 35] [30 12] [22 11] [23 0]
 226 [18 17] [28 12] [22 25] [34 8] [17 37] [22 10] [24 30] [27 17] [33 34] [26 5] [16 25] [16 11] [24 36] [33 29] [19 4] [33 16] [33 21] [19 31] [33 3] [30 39]
 228 [29 14] [29 26] [25 21] [30 38] [32 20] [24 15] [27 31] [25 36] [25 9] [17 35] [16 5] [18 23] [29 1] [34 4] [17 10] [21 3] [34 30] [21 30] [19 18] [34 13]
 227 [34 26] [21 31] [34 2] [27 23] [30 34] [16 39] [22 19] [32 11] [34 17] [15 24] [25 37] [21 6] [25 14] [20 24] [16 32] [18 11] [29 29] [26 6] [20 0] [25 0]
 229 [28 27] [18 26] [34 20] [23 16] [34 6] [23 8] [28 18] [23 26] [19 21] [19 39] [29 9] [24 39] [28 32] [21 0] [34 26] [34 14] [20 33] [27 2] [33 39] [34 34]
 230 [26 30] [16 6] [20 25] [20 16] [21 31] [25 19] [33 1] [32 25] [30 37] [33 13] [24 10] [24 38] [15 15] [19 36] [28 4] [21 2] [34 32] [34 18] [34 7] [15 27]
 231 [28 0] [25 11] [23 0] [22 18] [16 39] [34 17] [34 0] [18 0] [28 17] [21 39] [21 34] [33 12] [17 13] [15 34] [7 1] [19 5] [17 19] [27 5] [18 28] [32 7]
 232 [20 12] [20 3] [28 2] [21 29] [9 7] [16 29] [21 17] [16 18] [0 17] [34 3] [19 37] [32 8] [26 15] [15 1] [17 23] [11 20] [31 17] [26 9] [15 6] [15 11]
 233 [33 17] [20 27] [19 33] [33 12] [28 7] [16 22] [17 6] [17 11] [20 39] [27 2] [15 27] [28 15] [22 15] [23 7] [15 39] [33 3] [21 21] [22 0] [17 1] [16 17]
 234 [19 20] [23 9] [26 0] [28 9] [33 8] [34 3] [21 26] [16 27] [32 17] [21 31] [4 15] [21 3] [15 10] [26 15] [20 15] [15 15] [15 1] [21 39] [16 32] [16 38]
 235 [1 38] [32 10] [27 2] [19 30] [16 16] [23 9] [19 35] [11 23] [20 0] [33 15] [27 15] [15 1] [5 7] [16 7] [16 21] [21 24] [21 19] [22 14] [34 2] [10 28]
 236 [3 27] [33 16] [24 15] [9 18] [34 1] [21 7] [28 2] [29 11] [19 2] [15 21] [2 33] [19 35] [3 2] [3 10] [20 21] [13 35] [15 8] [17 29] [34 7] [18 16]
 237 [21 14] [16 22] [34 10] [17 38] [1 25] [21 20] [23 3] [15 27] [6 13] [20 27] [19 32] [29 15] [15 13] [16 1] [34 18] [11 36] [25 8] [7 31] [30 1] [16 8]
 238 [34 0] [17 28] [8 5] [19 16] [28 1] [24 7] [20 21] [10 23] [18 10] [24 14] [18 35] [34 18] [6 32] [31 9] [10 13] [18 0] [15 23] [16 5] [29 15] [23 0]
 240 [29 1] [8 39] [34 2] [26 17] [15 4] [21 16] [18 29] [15 38] [32 9] [26 6] [20 3] [0 19] [31 17] [4 9] [15 9] [17 21] [20 38] [21 9] [27 11] [16 14]
 239 [20 13] [21 39] [15 23] [15 16] [17 32] [26 7] [23 18] [31 7] [16 39] [28 12] [24 2] [34 13] [15 11] [15 0] [29 2] [30 18] [34 1] [20 23] [17 6] [12 31]
 241
 242
 243
 244
 245
 246
 247
 248
 249
 250
 251
 253
 252
 254
 255
 256
 257
 258
 262 [34 37] [22 4] [27 10] [25 39] [32 8] [34 0] [26 26] [27 33] [33 31] [33 23]
 261 [28 29] [33 28] [24 3] [29 9] [34 12] [18 0] [22 34] [32 35] [25 14] [32 0]
 259
 263 [33 3] [23 2] [32 21] [24 31] [33 31] [20 12] [20 19] [16 30] [31 8] [28 36]
 264 [32 32] [34 39] [19 14] [28 23] [29 1] [27 17] [34 5] [33 11] [24 34] [25 12]
 260
 265 [24 21] [33 5] [34 21] [24 13] [24 38] [23 2] [18 14] [27 7] [32 26] [27 29]
 266 [29 1] [22 14] [33 7] [32 26] [23 28] [29 16] [24 2] [21 7] [15 32] [24 39]
 267 [31 0] [27 19] [31 11] [24 29] [24 39] [32 33] [33 5] [21 22] [34 27] [32 17]
 269 [26 2] [24 16] [23 10] [34 30] [21 22] [34 17] [30 24] [28 10] [21 4] [34 6]
 270 [32 38] [30 6] [19 8] [28 22] [31 31] [26 30] [18 18] [18 24] [19 33] [26 11]
 268 [26 28] [22 5] [24 36] [18 36] [29 2] [29 19] [30 7] [18 31] [31 25] [32 39]
 272 [17 0] [20 32] [27 13] [34 3] [27 18] [21 26] [29 3] [21 20] [32 8] [21 11]
 271 [25 13] [26 18] [19 14] [24 2] [19 21] [32 16] [32 10] [33 1] [19 4] [18 33]
 273 [18 35] [21 0] [26 3] [33 0] [26 10] [17 6] [18 19] [32 7] [20 25] [31 16]
 274 [23 13] [33 5] [25 18] [26 5] [17 14] [20 37] [18 26] [33 12] [21 8] [17 0]
 275 [17 36] [34 16] [34 11] [32 3] [20 12] [21 2] [29 8] [27 14] [21 18] [20 27]
 276 [24 0] [33 13] [34 5] [23 14] [32 0] [23 9] [17 12] [29 7] [21 28] [32 18]
 277 [15 23] [21 15] [27 18] [32 14] [34 4] [17 36] [27 2] [32 9] [17 31] [22 2]
 278 [21 23] [32 5] [33 13] [27 4] [20 17] [25 11] [26 16] [20 29] [16 39] [19 10]
 279 [22 13] [30 1] [24 18] [32 10] [26 8] [33 15] [20 33] [27 13] [20 23] [21 3]
 280 [18 33] [22 5] [33 15] [32 1] [26 13] [18 19] [33 9] [16 39] [21 10] [28 8]
 281 [32 6] [24 1] [33 39] [33 0] [17 27] [31 16] [30 11] [16 36] [19 12] [22 36] [34 23] [31 34] [32 28] [16 19] [29 21] [25 15] [19 1] [23 29] [21 6] [22 20]
 282 [23 33] [20 17] [33 9] [32 37] [28 3] [22 39] [21 2] [18 33] [21 11] [34 32] [24 24] [34 17] [33 3] [27 16] [27 39] [32 27] [15 27] [15 8] [30 22] [27 10]
 283 [30 15] [22 29] [25 6] [15 8] [34 21] [33 6] [19 38] [31 0] [23 14] [28 25] [24 19] [18 2] [17 27] [31 39] [20 8] [17 19] [23 24] [24 36] [30 32] [24 1]
 284 [24 23] [23 17] [16 9] [34 11] [26 1] [25 39] [21 29] [29 16] [34 28] [20 3] [26 8] [29 29] [18 18] [30 36] [21 9] [34 16] [18 37] [33 2] [33 22] [19 24]
 285 [34 17] [24 2] [29 29] [22 32] [27 24] [17 4] [23 13] [25 7] [29 17] [31 11] [17 30] [34 31] [17 38] [33 24] [34 0] [33 6] [25 38] [18 13] [22 19] [32 38]
 286 [33 6] [27 15] [33 28] [22 15] [28 25] [23 0] [29 36] [33 17] [28 20] [31 1] [25 7] [34 22] [20 27] [25 31] [34 36] [19 22] [16 14] [22 38] [16 32] [32 11]
 287 [16 10] [18 38] [25 18] [34 37] [34 31] [28 12] [29 38] [29 30] [33 15] [29 0] [23 36] [34 20] [26 23] [26 6] [32 6] [22 0] [23 13] [17 17] [20 30] [34 25]
 288 [27 22] [31 16] [33 1] [28 35] [16 38] [19 3] [28 30] [23 29] [21 16] [32 21] [17 33] [21 8] [28 9] [34 39] [18 22] [33 33] [33 10] [23 38] [33 28] [26 0]
 289 [28 11] [28 23] [34 21] [24 33] [31 3] [19 35] [34 11] [24 3] [23 15] [33 27] [23 10] [16 19] [27 39] [25 28] [29 18] [29 33] [18 8] [34 16] [34 36] [17 24]
 290 [22 36] [25 15] [16 29] [20 12] [33 32] [21 25] [19 18] [27 28] [31 17] [26 20] [22 31] [28 9] [27 33] [17 35] [21 6] [32 25] [19 1] [34 12] [31 38] [30 4]
 292 [15 39] [15 21] [31 17] [15 32] [17 2] [20 39] [16 7] [27 5] [20 34] [20 20] [21 10] [34 10] [19 15] [22 2] [26 17] [19 26] [27 0] [33 0] [27 10] [33 5]
 291 [23 12] [19 20] [18 25] [26 18] [17 0] [16 6] [15 33] [22 7] [8 9] [33 12] [27 0] [16 38] [34 18] [22 2] [28 11] [33 3] [20 31] [16 15] [21 38] [27 5]
 293 [15 38] [19 31] [25 17] [15 26] [26 4] [34 12] [19 12] [20 36] [20 26] [20 1] [31 4] [15 0] [18 20] [9 10] [31 17] [6 39] [3 23] [18 6] [28 9] [0 38]
 296 [17 6] [2 9] [21 19] [32 1] [24 14] [1 29] [18 12] [30 10] [27 3] [7 17] [16 17] [16 22] [15 1] [19 35] [24 8] [31 16] [7 27] [15 29] [21 28] [20 1]
 295 [21 32] [5 29] [21 27] [16 38] [19 20] [15 0] [16 31] [26 5] [18 15] [16 9] [22 10] [15 26] [26 17] [34 0] [29 0] [32 18] [21 37] [20 4] [31 13] [33 5]
 294 [33 1] [24 16] [28 2] [15 3] [15 25] [16 13] [23 1] [31 17] [16 8] [19 30] [20 23] [26 11] [21 38] [1 36] [21 9] [16 36] [16 18] [11 16] [10 24] [32 10]
 297 [24 9] [29 0] [29 6] [22 15] [20 35] [34 0] [34 6] [6 19] [15 35] [16 17] [19 29] [32 15] [27 17] [15 4] [0 2] [6 13] [9 38] [19 24] [20 3] [16 9]
 298 [17 25] [15 31] [25 13] [5 29] [15 19] [21 38] [21 31] [31 17] [18 8] [15 37] [16 3] [26 18] [21 19] [24 7] [15 13] [5 5] [31 8] [24 2] [33 3] [20 13]
 300 [15 38] [21 10] [24 2] [31 4] [29 9] [28 17] [1 25] [15 13] [9 9] [18 30] [20 36] [15 8] [33 18] [8 27] [22 16] [19 21] [34 13] [1 33] [10 2] [19 3]
 301
 299 [21 12] [3 10] [27 4] [23 17] [32 8] [18 32] [34 0] [10 18] [16 13] [18 38] [18 25] [0 39] [34 16] [27 12] [22 4] [17 20] [15 5] [13 28] [17 0] [28 17]
 303
 302
 304
 305
 306
 307
 309
 308
 310
 311
 313
 312
 314
 315
 316
 317
 318
 319
 322 [17 1] [24 29] [32 32] [32 2] [23 4] [34 14] [30 22] [26 37] [33 38] [31 9]
 321 [28 38] [29 30] [31 11] [30 6] [23 36] [34 27] [29 24] [21 8] [30 0] [34 39]
 320
 324 [26 20] [33 14] [28 34] [17 19] [26 13] [21 12] [34 6] [34 24] [28 1] [25 39]
 323 [30 17] [25 24] [19 35] [28 39] [34 23] [17 4] [34 32] [28 6] [24 34] [20 14]
 325 [33 19] [32 5] [33 39] [27 3] [17 36] [31 26] [31 12] [27 17] [18 21] [24 25]
 326 [33 35] [33 25] [25 0] [27 22] [33 10] [19 29] [24 30] [16 10] [22 17] [31 15]
 327 [29 1] [27 34] [30 10] [27 19] [27 27] [32 39] [32 20] [22 36] [24 3] [20 29]
 328 [34 13] [34 32] [18 8] [21 37] [21 3] [27 13] [33 22] [28 25] [21 31] [31 7]
 329 [33 12] [18 29] [33 18] [28 11] [20 38] [25 17] [20 14] [31 27] [21 3] [26 22]
 330 [30 1] [32 25] [31 37] [24 26] [32 31] [16 23] [31 10] [21 12] [29 19] [21 36]
 332 [18 33] [25 8] [22 1] [34 17] [28 14] [18 23] [34 1] [33 8] [17 2] [20 38]
 331 [18 17] [32 0] [20 37] [24 10] [23 17] [32 9] [32 16] [17 6] [19 26] [15 31]
 333 [19 3] [25 17] [30 18] [30 2] [33 12] [18 32] [20 39] [24 9] [15 23] [24 2]
 334 [26 16] [18 14] [15 38] [18 20] [31 15] [24 5] [34 6] [29 2] [17 1] [18 6]
 335 [24 17] [25 10] [17 25] [18 37] [32 3] [21 4] [34 17] [33 12] [19 30] [20 9]
 336 [33 5] [22 1] [30 11] [31 17] [34 0] [27 1] [25 15] [18 36] [19 31] [17 20]
 337 [32 17] [21 29] [19 3] [34 1] [21 22] [33 8] [28 4] [17 12] [25 12] [21 35]
 338 [23 12] [26 18] [29 11] [15 36] [18 15] [31 16] [24 1] [19 29] [29 2] [17 5]
 339 [21 3] [34 18] [21 11] [28 17] [26 10] [18 20] [18 29] [33 11] [29 5] [34 2]
 341 [29 7] [19 23] [16 34] [21 35] [26 1] [21 18] [17 12] [25 13] [21 30] [30 13] [33 19] [27 26] [34 29] [20 0] [30 35] [27 18] [33 2] [34 24] [34 7] [21 7]
 340 [20 20] [20 4] [31 2] [15 24] [21 28] [19 12] [28 7] [25 13] [25 0] [30 13]
 342 [26 39] [21 36] [29 23] [21 18] [15 37] [19 30] [31 2] [28 11] [34 26] [28 33] [23 4] [17 2] [20 12] [34 7] [28 28] [31 16] [34 32] [32 38] [26 18] [23 25]
 343 [34 8] [24 4] [16 10] [34 29] [29 8] [19 35] [18 5] [34 17] [34 24] [28 32] [25 37] [27 16] [29 3] [21 18] [33 36] [22 26] [21 12] [34 2] [28 24] [18 0]
 344 [20 25] [33 29] [25 11] [33 16] [24 39] [18 33] [21 3] [28 17] [34 7] [27 32] [27 22] [33 21] [31 39] [18 12] [32 2] [15 0] [25 27] [26 5] [17 18] [23 17]
 345 [31 18] [27 25] [29 0] [30 7] [17 22] [33 23] [20 10] [19 29] [24 4] [30 31] [24 37] [18 35] [22 24] [32 13] [22 17] [26 12] [17 15] [29 39] [34 1] [34 37]
 346 [26 35] [22 6] [18 11] [31 18] [24 16] [29 1] [23 22] [21 36] [30 30] [17 26] [32 13] [18 17] [31 36] [24 27] [19 31] [24 1] [31 24] [17 4] [28 8] [34 4]
 349 [26 1] [26 10] [22 24] [24 18] [30 38] [29 30] [33 9] [18 18] [27 24] [24 34] [16 4] [19 32] [24 29] [32 4] [31 17] [21 5] [18 37] [34 32] [34 24] [20 11]
 348 [28 16] [20 23] [19 32] [19 17] [22 1] [30 36] [18 37] [15 26] [27 24] [28 3] [32 8] [33 19] [26 11] [26 30] [34 31] [34 1] [20 8] [32 25] [33 13] [17 1]
 347 [28 9] [18 36] [31 28] [26 34] [21 31] [23 2] [18 17] [20 12] [33 20] [27 39] [32 38] [15 11] [34 15] [30 0] [22 7] [24 17] [29 15] [34 9] [32 33] [22 23]
 350 [17 1] [22 32] [29 15] [23 4] [15 25] [34 31] [25 10] [33 4] [34 10] [28 2] [28 34] [19 14] [25 24] [17 6] [29 29] [34 15] [32 39] [20 25] [20 19] [32 24]
 351 [20 29] [34 0] [16 7] [11 13] [18 23] [29 14] [29 0] [15 29] [24 1] [34 6] [28 7] [20 35] [17 15] [21 9] [15 34] [16 1] [34 12] [15 39] [34 18] [23 16]
 352 [6 30] [28 17] [21 11] [33 3] [6 7] [28 2] [20 16] [15 13] [2 13] [10 16] [16 36] [21 36] [21 31] [21 2] [34 17] [15 4] [4 20] [19 22] [16 30] [30 8]
 354 [3 30] [20 21] [19 0] [24 2] [30 17] [15 20] [13 32] [15 37] [19 11] [31 12] [6 36] [17 6] [20 37] [24 14] [5 22] [3 0] [26 9] [18 28] [32 4] [37 6]
 353 [24 17] [25 4] [21 34] [17 7] [32 12] [21 39] [18 14] [17 21] [32 3] [6 28] [4 14] [15 30] [16 36] [1 36] [8 4] [30 18] [25 12] [16 0] [8 38] [21 27]
 355 [34 0] [15 34] [26 17] [20 0] [33 16] [33 10] [26 7] [20 23] [15 0] [25 12] [26 1] [18 29] [21 17] [17 12] [16 39] [15 24] [18 5] [16 18] [21 38] [34 5]
 357 [21 13] [15 38] [31 16] [15 0] [21 24] [10 30] [17 33] [33 0] [16 13] [7 3] [26 13] [24 6] [15 24] [23 18] [22 1] [27 1] [19 7] [18 18] [30 8] [20 38]
 356 [16 30] [17 36] [21 25] [30 3] [22 12] [15 0] [15 10] [22 6] [23 18] [34 15] [17 16] [20 0] [33 9] [27 10] [16 5] [21 30] [8 7] [28 18] [16 23] [25 1]
 358 [15 8] [28 0] [10 38] [18 28] [32 8] [16 16] [2 27] [26 14] [34 1] [5 9] [21 15] [24 9] [39 14] [17 2] [2 32] [34 17] [22 0] [18 36] [19 21] [3 19]
 359 [29 17] [15 22] [23 14] [15 36] [27 6] [21 31] [29 12] [20 37] [34 10] [17 2] [16 30] [22 8] [26 1] [16 7] [21 20] [34 5] [21 26] [34 16] [16 17] [31 0]
 360 [20 37] [16 0] [1 1] [11 21] [19 23] [15 8] [30 16] [18 16] [32 3] [18 30] [28 10] [15 38] [24 15] [26 5] [11 0] [24 0] [11 28] [21 7] [33 8] [2 26]
 361
 362
 363
 364
 365
 366
 367
 368
 369
 370
 371
 372
 373
 374
 375
 376
 377
 381 [28 18] [31 34] [21 16] [21 4] [33 27] [34 21] [27 23] [23 11] [25 29] [29 3]
 379
 378
 382 [21 9] [30 34] [21 0] [26 16] [33 14] [19 26] [33 21] [29 8] [30 0] [23 36]
 380
 383 [34 14] [27 24] [24 15] [23 37] [23 0] [32 20] [28 4] [32 25] [29 10] [34 5]
 384 [34 15] [31 23] [23 4] [25 14] [18 3] [32 3] [27 31] [33 29] [32 8] [26 22]
 385 [27 36] [34 11] [18 38] [32 22] [34 27] [33 6] [24 10] [19 29] [31 16] [34 35]
 386 [28 16] [23 14] [34 8] [19 31] [22 21] [34 39] [34 2] [34 30] [27 26] [23 0]
 387 [19 17] [23 36] [33 1] [19 23] [30 38] [16 39] [31 31] [21 3] [34 7] [27 3]
 389 [20 27] [27 19] [17 32] [23 39] [28 10] [34 35] [34 16] [34 22] [29 3] [18 21]
 388 [33 2] [29 13] [21 7] [31 34] [25 29] [27 1] [19 33] [31 26] [31 19] [26 21]
 390 [19 4] [33 37] [24 8] [33 32] [25 3] [32 1] [19 30] [32 6] [26 19] [31 26]
 391 [21 7] [15 20] [20 27] [19 34] [25 0] [18 14] [25 14] [20 19] [26 5] [33 13]
 392 [26 18] [18 34] [32 14] [24 12] [19 22] [34 7] [17 15] [23 1] [29 3] [18 39]
 393 [21 31] [34 17] [22 10] [20 36] [21 4] [27 9] [15 21] [27 1] [34 0] [28 16]
 394 [32 16] [26 13] [15 19] [19 8] [26 0] [17 38] [32 7] [16 13] [25 18] [34 1]
 395 [32 10] [19 37] [19 29] [22 14] [20 19] [32 5] [26 1] [19 6] [30 15] [25 9]
 396 [17 38] [33 3] [34 15] [23 0] [28 14] [28 1] [32 8] [20 11] [19 22] [17 3]
 397 [16 28] [18 33] [26 11] [29 18] [26 6] [31 12] [31 0] [19 11] [34 18] [34 7]
 398 [17 4] [15 27] [17 22] [31 13] [22 2] [33 4] [28 2] [21 31] [26 14] [19 36]
 399 [20 21] [25 7] [26 18] [34 2] [30 7] [32 15] [17 13] [16 38] [22 12] [15 26]
 400 [24 2] [34 7] [18 21] [24 10] [29 6] [34 16] [19 29] [31 0] [27 15] [19 37]
 401 [27 34] [21 31] [34 20] [22 5] [22 0] [22 17] [23 26] [30 10] [29 18] [34 28] [15 19] [22 12] [33 36] [27 1] [21 38] [28 23] [33 2] [28 29] [15 35] [15 9]
 402 [25 26] [27 33] [22 20] [34 38] [28 19] [25 13] [31 5] [33 10] [32 33] [20 39] [34 0] [25 6] [16 15] [34 23] [17 32] [24 0] [30 28] [33 18] [25 39] [19 6]
 403 [31 6] [26 12] [20 29] [19 11] [22 35] [29 1] [15 35] [21 18] [28 34] [28 29] [34 36] [17 23] [24 2] [33 23] [26 24] [34 31] [30 17] [31 12] [16 1] [25 7]
 404 [27 7] [27 24] [26 13] [22 5] [34 39] [33 7] [34 1] [26 36] [32 31] [19 19] [27 29] [32 22] [26 19] [31 15] [21 24] [24 0] [19 10] [29 0] [18 38] [19 33]
 406 [22 1] [24 28] [15 19] [34 24] [20 6] [33 0] [24 16] [18 31] [33 30] [29 25] [34 38] [26 39] [21 36] [31 19] [28 1] [23 21] [18 25] [19 12] [28 34] [30 10]
 405 [18 24] [34 12] [23 21] [18 7] [26 5] [29 29] [27 15] [23 26] [32 6] [33 35] [23 0] [34 0] [30 22] [16 16] [27 34] [15 1] [28 0] [24 39] [25 10] [19 38]
 407 [17 32] [34 37] [19 12] [34 2] [17 6] [34 11] [29 10] [29 31] [24 4] [28 37] [17 39] [29 1] [23 27] [25 21] [23 36] [34 28] [24 14] [16 1] [17 22] [33 19]
 409 [16 11] [22 2] [24 17] [30 12] [17 34] [34 24] [26 22] [18 18] [29 17] [22 32] [24 12] [16 5] [16 26] [30 29] [29 39] [23 38] [30 3] [24 7] [21 24] [31 34]
 408 [28 1] [33 12] [16 31] [33 3] [22 39] [30 36] [26 30] [27 21] [16 19] [28 8] [17 3] [22 4] [31 28] [33 23] [22 17] [34 18] [21 31] [28 13] [21 12] [22 25]
 410 [24 17] [28 0] [21 31] [32 24] [18 11] [29 19] [27 12] [28 37] [34 7] [19 37] [33 35] [34 15] [28 5] [33 2] [22 6] [23 24] [32 30] [22 1] [18 22] [26 29]
 411 [24 6] [29 6] [27 18] [22 18] [17 10] [21 30] [15 28] [8 9] [17 5] [23 12] [19 0] [1 10] [26 0] [34 7] [33 1] [18 23] [10 23] [32 14] [18 35] [17 17]
 414 [32 17] [20 37] [21 9] [32 0] [7 27] [15 8] [15 19] [15 28] [20 23] [28 5] [28 12] [27 0] [19 3] [24 17] [15 37] [19 14] [6 22] [2 27] [21 29] [33 9]
 413 [15 5] [34 0] [28 4] [5 29] [17 18] [26 9] [3 14] [16 24] [9 0] [17 0] [33 11] [34 5] [18 32] [34 17] [21 24] [20 9] [26 14] [15 11] [18 39] [22 2]
 415 [16 14] [16 6] [33 10] [16 36] [26 2] [16 19] [6 7] [2 30] [18 1] [30 15] [19 30] [36 18] [22 16] [21 37] [21 21] [33 3] [15 25] [2 20] [24 9] [0 2]
 412 [20 29] [15 28] [16 14] [34 12] [20 37] [10 34] [23 15] [29 18] [15 37] [20 21] [27 8] [18 2] [25 3] [28 13] [15 19] [33 7] [16 8] [21 10] [34 1] [34 18]
 417 [20 31] [15 10] [15 25] [33 4] [15 30] [15 35] [20 25] [31 16] [15 5] [25 0] [18 15] [28 5] [20 36] [4 17] [34 9] [16 20] [20 8] [27 10] [23 16] [19 0]
 416 [5 24] [18 8] [28 18] [29 13] [17 1] [34 9] [34 4] [23 6] [23 17] [24 11] [20 27] [16 36] [21 35] [17 15] [29 4] [15 28] [22 0] [33 18] [15 20] [20 22]
 419 [21 34] [15 0] [15 29] [20 29] [21 39] [18 15] [34 0] [29 10] [15 23] [16 37] [20 1] [34 16] [27 3] [24 13] [16 10] [27 18] [20 22] [15 5] [34 8] [22 7]
 418 [32 7] [33 1] [24 9] [8 18] [39 3] [30 13] [10 35] [16 3] [21 37] [18 9] [16 35] [27 4] [18 15] [19 30] [24 14] [22 3] [31 18] [18 20] [4 28] [17 25]
 422
 421
 420 [15 4] [27 6] [20 2] [3 34] [16 23] [17 33] [32 2] [15 14] [34 7] [21 28] [23 15] [30 16] [21 9] [21 39] [16 39] [26 0] [16 28] [21 23] [28 11] [15 9]
 423
 424
 425
 426
 427
 428
 429
 430
 431
 432
 433
 434
 435
 436
 437
 441 [29 1] [27 20] [19 18] [15 35] [29 14] [28 27] [34 18] [23 33] [25 8] [31 36]
 438
 439
 442 [21 37] [33 19] [34 36] [33 10] [31 26] [19 14] [25 9] [25 31] [25 16] [24 25]
 440
 443 [28 9] [24 15] [21 37] [19 29] [26 25] [29 38] [28 4] [33 3] [19 11] [18 19]
 444 [32 35] [34 29] [23 10] [29 10] [33 16] [34 11] [23 36] [33 0] [15 39] [33 24]
 446 [17 34] [18 19] [24 13] [24 1] [29 18] [27 37] [32 24] [27 26] [34 15] [31 8]
 445 [32 17] [20 11] [24 39] [27 27] [34 9] [19 19] [31 3] [25 12] [28 33] [20 3]
 448 [25 2] [31 22] [26 30] [24 19] [24 7] [21 31] [26 35] [19 7] [24 24] [33 13]
 447 [24 17] [27 28] [31 7] [33 32] [16 23] [33 39] [23 36] [25 12] [16 15] [33 23]
 449 [28 16] [28 10] [22 39] [16 31] [34 2] [25 33] [32 26] [29 1] [33 15] [30 36]
 450 [22 29] [21 15] [29 7] [27 30] [17 9] [33 14] [34 31] [17 34] [27 22] [34 24]
 451 [25 12] [34 11] [18 38] [34 0] [17 30] [31 16] [26 5] [20 5] [20 11] [18 23]
 452 [31 10] [17 8] [26 11] [17 15] [18 28] [27 16] [27 2] [33 1] [19 22] [22 6]
 453 [18 5] [31 2] [34 16] [28 18] [20 23] [21 36] [28 11] [25 1] [33 10] [15 29]
 454 [21 18] [34 1] [33 16] [18 27] [26 17] [29 8] [21 32] [34 7] [26 3] [23 8]
 455 [21 37] [27 10] [27 2] [21 5] [30 18] [19 11] [24 18] [18 21] [33 5] [33 10]
 457 [21 4] [21 38] [34 2] [33 17] [34 12] [21 15] [21 21] [34 7] [28 11] [19 33]
 456 [34 13] [19 5] [19 26] [28 15] [16 31] [23 11] [30 3] [22 17] [21 35] [17 18]
 458 [24 17] [19 31] [20 26] [32 14] [26 4] [19 15] [33 8] [22 9] [18 4] [21 39]
 459 [33 3] [20 22] [26 0] [26 7] [29 13] [24 14] [20 1] [16 39] [21 33] [18 17]
 461 [34 6] [29 24] [20 27] [15 15] [25 7] [33 31] [15 1] [29 12] [32 39] [34 24] [20 1] [22 12] [25 19] [17 9] [34 11] [30 0] [20 36] [27 31] [33 19] [27 36]
 460 [25 18] [21 25] [16 27] [34 14] [24 0] [28 13] [19 7] [34 2] [22 13] [25 7]
 462 [28 21] [23 21] [30 3] [25 15] [32 13] [20 13] [30 8] [26 32] [25 10] [33 28] [33 18] [22 0] [33 33] [21 27] [20 7] [34 23] [18 34] [28 39] [17 0] [33 39]
 463 [24 0] [18 15] [34 30] [33 0] [33 19] [27 25] [25 33] [27 7] [17 22] [28 12] [21 27] [17 38] [34 14] [32 35] [32 25] [26 38] [18 3] [33 9] [19 8] [26 19]
 464 [32 17] [26 12] [19 15] [22 21] [25 29] [27 17] [33 7] [16 20] [29 24] [31 1] [15 32] [18 27] [28 6] [34 12] [34 28] [17 37] [17 0] [25 37] [22 5] [34 35]
 466 [28 37] [22 15] [17 25] [23 37] [29 22] [26 31] [16 18] [34 0] [34 17] [32 28] [24 0] [33 8] [33 37] [19 4] [29 16] [18 9] [24 9] [23 24] [21 32] [34 23]
 465 [31 27] [29 11] [28 21] [28 1] [16 12] [31 39] [21 17] [23 4] [30 16] [20 23] [29 34] [18 4] [22 10] [23 39] [33 0] [34 34] [34 6] [16 36] [26 26] [23 31]
 467 [27 26] [32 34] [24 15] [28 20] [22 26] [25 33] [34 17] [34 24] [17 9] [33 12] [19 19] [20 2] [26 38] [15 3] [19 34] [33 39] [29 0] [22 10] [26 5] [32 5]
 468 [21 33] [34 22] [17 22] [28 2] [17 11] [25 27] [33 17] [20 5] [16 28] [24 38] [25 12] [15 17] [34 4] [22 0] [22 18] [34 36] [29 38] [31 31] [30 10] [27 17]
 470 [24 31] [17 38] [21 4] [17 10] [31 39] [31 17] [24 15] [17 15] [29 34] [22 9] [25 22] [31 24] [16 23] [29 29] [34 34] [34 1] [31 10] [24 36] [15 32] [29 4]
 469 [17 27] [18 9] [19 21] [25 6] [20 15] [32 15] [28 27] [22 26] [21 1] [34 1] [19 36] [31 6] [34 20] [25 37] [25 16] [32 39] [34 27] [23 31] [26 0] [34 34]
 472 [20 20] [25 0] [16 32] [15 27] [34 0] [26 6] [18 0] [31 12] [15 14] [28 17] [34 17] [20 15] [18 8] [31 7] [21 33] [15 22] [21 39] [15 38] [26 12] [20 26]
 471 [15 24] [19 13] [18 39] [25 10] [16 2] [19 34] [33 1] [12 37] [15 29] [33 6] [22 5] [5 13] [27 17] [34 17] [27 2] [18 19] [32 11] [16 7] [22 0] [20 25]
 473 [11 15] [15 23] [16 17] [7 23] [30 18] [19 10] [30 7] [23 2] [34 2] [19 29] [18 38] [29 0] [30 13] [18 1] [24 12] [1 11] [24 7] [21 17] [11 34] [20 24]
 474 [15 26] [15 20] [34 0] [30 17] [18 1] [20 39] [17 31] [15 8] [15 14] [3 1] [34 11] [15 37] [25 8] [2 38] [20 7] [34 5] [20 22] [6 18] [25 2] [21 16]
 475 [15 0] [12 31] [7 13] [20 39] [17 22] [31 0] [27 10] [24 3] [17 6] [30 5] [27 17] [15 39] [7 27] [19 34] [19 17] [18 12] [34 18] [32 10] [19 29] [11 7]
 476 [32 7] [0 4] [15 0] [32 1] [8 25] [28 15] [7 9] [27 7] [20 13] [33 16] [20 38] [19 21] [21 26] [15 14] [15 27] [15 37] [17 32] [23 1] [13 6] [18 7]
 477 [10 21] [1 34] [34 6] [19 23] [23 0] [25 17] [18 38] [32 12] [6 11] [22 7] [29 4] [34 0] [19 18] [16 10] [11 12] [7 34] [30 18] [17 1] [23 12] [18 30]
 478 [33 11] [18 11] [29 5] [34 3] [15 22] [24 15] [18 39] [16 33] [21 32] [25 0] [16 17] [0 20] [21 27] [20 22] [17 0] [16 28] [24 8] [9 12] [19 6] [32 17]
 480 [21 3] [6 31] [16 1] [22 17] [27 16] [2 39] [16 8] [16 26] [18 34] [20 39] [21 23] [30 7] [32 1] [38 7] [32 14] [21 28] [15 39] [25 10] [17 17] [27 0]
 479 [2 33] [24 18] [39 16] [33 1] [26 0] [19 23] [17 31] [19 38] [33 14] [14 24] [1 4] [24 13] [18 18] [8 18] [10 32] [10 11] [19 9] [25 6] [18 4] [30 6]
 481
 482
 483
 484
 485
 486
 487
 488
 489
 490
 491
 492
 493
 494
 495
 496
 497
 498
 499
 502 [27 5] [19 35] [31 33] [31 10] [26 29] [28 23] [23 17] [26 36] [19 0] [32 15]
 501 [30 26] [29 0] [21 21] [22 35] [24 3] [32 33] [26 10] [31 6] [32 12] [25 16]
 503 [21 25] [33 35] [20 19] [30 18] [25 16] [31 4] [26 7] [19 13] [33 12] [21 38]
 504 [31 2] [33 20] [32 12] [28 17] [20 6] [23 24] [26 0] [26 38] [32 35] [25 6]
 500
 505 [28 12] [18 30] [20 11] [34 31] [30 4] [26 22] [28 37] [34 36] [29 29] [33 13]
 507 [31 17] [25 28] [34 32] [32 39] [34 11] [26 35] [17 36] [26 9] [33 23] [19 20]
 506 [34 14] [33 32] [25 1] [18 31] [32 22] [29 16] [27 30] [22 36] [32 8] [24 14]
 508 [34 10] [26 26] [32 28] [34 23] [17 37] [25 17] [23 8] [33 34] [28 9] [19 19]
 509 [34 1] [32 17] [33 38] [30 25] [30 9] [26 32] [18 9] [33 33] [24 27] [28 39]
 510 [31 15] [27 6] [34 35] [32 0] [27 39] [24 19] [26 1] [33 7] [33 28] [25 14]
 511 [22 10] [20 39] [23 17] [27 0] [16 31] [32 10] [29 18] [21 5] [16 20] [32 5]
 512 [30 18] [31 11] [19 32] [18 11] [32 5] [19 37] [26 5] [26 11] [24 17] [19 23]
 513 [24 16] [15 9] [22 1] [23 8] [33 18] [17 27] [33 9] [34 2] [29 4] [21 39]
 514 [24 9] [22 14] [33 3] [18 8] [34 8] [20 2] [18 35] [29 12] [34 15] [25 2]
 515 [23 8] [34 11] [29 13] [20 27] [16 13] [27 0] [20 22] [21 34] [33 4] [23 15]
 516 [18 35] [23 18] [16 15] [30 11] [23 0] [24 5] [20 27] [29 18] [30 0] [34 6]
 517 [24 15] [19 36] [31 9] [17 9] [30 4] [26 9] [31 16] [25 2] [17 18] [20 28]
 518 [19 14] [34 12] [24 12] [24 3] [34 3] [30 17] [19 24] [21 19] [19 38] [18 7]
 519 [22 9] [30 9] [18 32] [31 0] [28 16] [33 14] [21 15] [18 22] [26 2] [17 6]
 521 [25 1] [15 38] [16 22] [16 15] [34 1] [18 1] [30 32] [32 15] [22 26] [21 21] [34 9] [21 14] [30 38] [22 33] [31 25] [29 10] [33 20] [21 38] [24 9] [27 17]
 520 [19 2] [30 4] [15 22] [18 38] [16 27] [31 9] [22 8] [25 15] [34 14] [20 17]
 522 [28 9] [18 31] [18 3] [33 36] [34 30] [29 20] [34 20] [33 1] [18 13] [20 20] [29 31] [18 37] [26 4] [34 25] [26 37] [34 8] [19 25] [34 14] [27 14] [24 28]
 524 [31 30] [19 2] [34 39] [17 38] [26 1] [15 14] [32 17] [24 13] [33 24] [24 23] [19 25] [18 8] [22 38] [23 18] [30 10] [27 38] [26 32] [20 31] [31 1] [23 7]
 523 [16 6] [16 33] [28 0] [25 17] [34 9] [17 39] [34 15] [29 36] [33 26] [28 23] [34 3] [26 8] [34 39] [30 31] [23 38] [23 31] [34 20] [20 25] [20 15] [22 3]
 525 [28 10] [34 18] [25 34] [21 39] [25 16] [32 39] [23 7] [19 33] [23 2] [26 39] [32 34] [19 24] [24 25] [33 29] [34 10] [17 3] [20 12] [32 24] [20 18] [30 1]
 526 [32 20] [17 28] [21 1] [32 9] [22 24] [21 15] [34 37] [27 12] [15 13] [34 3] [34 15] [28 30] [30 25] [28 35] [22 33] [16 39] [27 20] [15 0] [28 4] [34 32]
 527 [33 20] [22 17] [27 27] [32 9] [21 3] [22 10] [23 36] [27 9] [18 33] [29 3] [32 28] [17 17] [27 19] [34 3] [27 14] [29 33] [33 38] [19 24] [28 38] [34 14]
 528 [21 19] [33 0] [21 37] [26 38] [20 29] [31 10] [31 35] [25 8] [20 24] [22 3] [29 19] [34 15] [15 11] [34 21] [26 30] [33 27] [28 0] [25 25] [32 5] [21 13]
 529 [28 34] [34 9] [15 27] [28 6] [32 17] [33 36] [23 31] [31 25] [34 3] [17 1] [28 1] [19 17] [26 18] [23 25] [28 12] [20 37] [23 2] [20 8] [33 31] [26 39]
 530 [26 10] [30 30] [18 12] [31 11] [27 36] [23 27] [15 2] [31 17] [27 3] [16 24] [32 37] [25 16] [29 23] [34 25] [21 35] [20 5] [17 29] [34 2] [20 19] [16 37]
 531 [29 9] [6 14] [17 9] [15 22] [1 34] [18 4] [24 8] [23 14] [9 39] [33 4] [20 32] [18 27] [7 6] [31 15] [24 3] [15 17] [15 33] [34 10] [17 38] [20 19]
 533 [0 34] [27 4] [33 8] [2 20] [26 12] [21 4] [20 23] [31 16] [33 3] [22 17] [16 10] [15 37] [15 15] [20 36] [15 24] [21 12] [15 1] [19 31] [6 15] [1 3]
 532 [15 11] [25 6] [18 25] [19 18] [31 3] [33 10] [21 38] [3 6] [9 14] [16 38] [33 17] [24 0] [21 12] [12 22] [24 17] [8 32] [19 6] [16 1] [28 11] [17 33]
 535 [24 11] [15 30] [20 26] [13 12] [31 5] [15 5] [21 39] [15 35] [27 0] [26 5] [30 14] [20 33] [17 18] [18 12] [15 0] [10 32] [20 3] [15 24] [32 0] [23 18]
 534 [20 0] [26 10] [15 23] [19 28] [23 5] [27 15] [10 4] [15 37] [30 1] [15 12] [33 12] [17 7] [31 7] [15 2] [25 0] [15 17] [34 18] [21 36] [20 19] [20 14]
 537 [33 12] [34 4] [18 15] [33 18] [20 30] [21 22] [10 13] [16 21] [28 14] [16 2] [16 8] [28 3] [15 38] [22 2] [15 27] [5 35] [23 15] [20 35] [15 32] [25 8]
 536 [20 28] [9 13] [32 8] [21 21] [18 3] [15 29] [19 15] [16 9] [8 29] [23 6] [24 1] [1 19] [21 39] [7 4] [15 21] [17 34] [25 13] [33 2] [16 39] [30 17]
 538 [21 2] [0 32] [16 1] [34 10] [2 14] [21 25] [1 6] [22 10] [18 39] [16 6] [15 11] [19 30] [28 9] [33 3] [31 18] [39 13] [17 19] [16 24] [26 0] [22 15]
 539 [20 39] [15 37] [16 24] [15 5] [4 21] [18 19] [0 37] [18 32] [7 32] [26 0] [34 1] [38 13] [23 15] [18 0] [17 12] [31 14] [20 6] [21 24] [34 7] [29 6]
 540 [16 23] [19 36] [34 8] [17 0] [21 23] [29 17] [24 4] [18 17] [36 2] [2 1] [23 18] [30 1] [20 28] [15 11] [26 9] [18 6] [34 17] [20 12] [15 31] [5 9]
 541
 542
 543
 544
 545
 546
 547
 548
 550
 549
 551
 552
 553
 554
 555
 556
 557
 561 [24 10] [27 39] [19 34] [27 0] [31 13] [19 4] [15 11] [34 4] [32 36] [30 25]
 558
 559
 560
 562 [25 6] [33 3] [16 30] [33 31] [31 14] [32 8] [27 27] [19 24] [15 15] [25 34]
 563 [33 23] [26 24] [18 18] [22 34] [32 1] [30 33] [19 29] [34 12] [28 12] [24 5]
 565 [26 12] [20 12] [27 5] [32 22] [31 16] [26 19] [26 37] [34 7] [33 0] [21 31]
 564 [34 1] [33 34] [27 2] [19 33] [18 19] [34 18] [17 28] [32 8] [28 25] [29 16]
 566 [25 30] [29 1] [25 8] [21 22] [20 6] [30 9] [33 30] [27 16] [27 23] [30 36]
 568 [25 5] [33 30] [29 20] [33 35] [23 16] [30 10] [28 0] [23 21] [34 21] [27 36]
 567 [24 14] [25 22] [34 5] [30 36] [16 5] [31 24] [26 28] [31 10] [19 37] [33 0]
 569 [24 20] [33 20] [30 1] [20 10] [26 7] [24 25] [34 25] [29 35] [34 14] [24 36]
 570 [28 22] [21 7] [33 39] [28 3] [31 27] [34 33] [19 15] [26 30] [34 8] [34 16]
 571 [24 18] [20 26] [29 1] [30 13] [33 7] [19 1] [20 7] [20 33] [34 1] [26 8]
 572 [27 17] [29 6] [26 12] [24 5] [20 19] [34 9] [21 31] [20 38] [15 5] [30 1]
 574 [29 0] [30 9] [19 10] [21 21] [20 35] [27 16] [17 2] [19 16] [24 3] [24 11]
 573 [18 20] [31 0] [33 17] [15 39] [20 14] [20 32] [27 16] [23 0] [30 8] [21 9]
 575 [21 23] [16 14] [16 26] [24 16] [21 35] [21 8] [26 10] [32 6] [32 14] [26 1]
 577 [33 15] [27 2] [18 1] [17 35] [23 13] [18 23] [33 7] [16 8] [33 1] [20 29]
 578 [26 1] [22 9] [32 16] [21 20] [15 10] [20 36] [33 10] [16 0] [20 26] [31 1]
 576 [24 13] [30 18] [17 24] [25 5] [31 0] [30 8] [19 1] [15 29] [19 6] [31 13]
 579 [26 1] [34 14] [21 2] [21 22] [17 9] [28 13] [24 8] [17 14] [27 18] [31 7]
 580 [17 5] [27 2] [27 9] [27 14] [20 32] [21 24] [32 15] [19 11] [32 5] [32 10]
 581 [20 26] [30 9] [22 18] [31 37] [18 6] [27 18] [22 13] [28 32] [17 17] [21 31] [19 0] [17 37] [26 0] [33 17] [33 31] [29 25] [26 39] [24 6] [34 26] [32 2]
 582 [20 2] [27 15] [19 31] [34 16] [34 22] [28 20] [30 10] [34 32] [23 38] [21 23] [34 4] [21 7] [22 16] [32 37] [28 25] [26 31] [33 27] [17 17] [27 3] [16 37]
 583 [24 13] [21 19] [31 36] [18 14] [22 38] [33 24] [32 9] [31 17] [19 1] [16 9] [16 22] [34 2] [33 30] [29 2] [20 32] [24 0] [28 29] [22 26] [28 24] [21 6]
 584 [33 1] [19 33] [30 25] [16 39] [24 12] [18 9] [28 4] [20 21] [30 39] [28 18] [34 7] [26 30] [33 34] [21 0] [23 6] [25 35] [29 12] [20 26] [25 24] [34 17]
 585 [20 6] [19 37] [28 9] [23 11] [19 32] [30 22] [32 30] [34 5] [23 18] [34 12] [34 0] [15 4] [25 30] [29 0] [17 13] [28 37] [34 38] [20 25] [28 14] [24 1]
 586 [32 39] [16 25] [29 19] [22 21] [34 18] [18 15] [27 38] [21 2] [34 27] [26 31] [27 25] [33 1] [33 33] [22 36] [27 9] [19 30] [33 7] [20 7] [26 4] [27 14]
 587 [27 26] [25 39] [23 19] [20 24] [16 9] [20 4] [34 24] [34 39] [25 32] [33 32] [26 1] [20 31] [31 18] [34 11] [16 36] [26 14] [24 9] [34 4] [29 9] [17 17]
 588 [31 5] [16 22] [33 35] [18 7] [25 28] [34 28] [17 13] [20 2] [26 15] [21 35] [26 22] [25 1] [32 18] [20 30] [33 23] [21 23] [26 35] [23 9] [33 13] [15 35]
 589 [16 34] [21 23] [27 34] [30 39] [25 1] [22 33] [32 4] [26 22] [17 12] [21 28] [34 19] [15 28] [34 25] [29 15] [34 34] [27 29] [34 14] [20 6] [24 15] [27 9]
 590 [20 31] [24 0] [34 39] [16 16] [32 28] [27 9] [16 36] [34 8] [15 22] [33 22] [32 33] [28 39] [28 14] [27 29] [21 36] [33 17] [21 19] [29 2] [17 6] [25 24]
 591 [17 8] [29 4] [19 19] [2 17] [23 5] [17 14] [17 29] [34 5] [1 30] [33 17] [16 3] [16 36] [21 35] [25 17] [34 0] [19 24] [34 10] [29 11] [22 11] [22 0]
 592 [19 18] [29 3] [21 23] [0 2] [25 18] [15 13] [19 0] [6 27] [32 18] [8 21] [26 12] [34 4] [21 28] [24 4] [19 5] [20 11] [15 24] [32 10] [19 37] [16 31]
 593 [21 8] [16 8] [3 28] [4 23] [34 5] [18 13] [15 20] [24 2] [1 16] [29 1] [28 7] [19 27] [14 30] [18 35] [26 15] [34 0] [19 3] [33 12] [20 21] [32 18]
 594 [21 17] [17 31] [1 24] [34 15] [19 7] [19 12] [15 25] [2 33] [5 2] [19 36] [23 0] [21 26] [17 0] [31 7] [29 13] [5 19] [28 18] [32 1] [24 9] [16 18]
 595 [34 8] [16 7] [17 27] [19 20] [16 15] [19 2] [33 14] [19 39] [27 9] [28 15] [21 9] [33 0] [7 34] [1 36] [23 15] [9 13] [4 2] [8 25] [27 4] [19 34]
 596 [21 25] [19 20] [32 17] [32 12] [7 6] [15 2] [33 3] [26 9] [21 30] [16 14] [19 9] [21 15] [20 38] [16 25] [21 2] [15 31] [28 0] [9 13] [15 36] [27 18]
 597 [1 9] [32 14] [17 3] [20 29] [27 18] [32 1] [15 11] [23 11] [13 35] [20 24] [0 18] [15 16] [1 0] [24 4] [5 21] [22 16] [15 21] [31 6] [19 36] [15 28]
 598 [19 17] [20 29] [17 0] [6 23] [17 12] [16 22] [24 16] [15 27] [34 9] [19 6] [25 10] [8 4] [29 16] [25 2] [19 36] [21 23] [5 17] [34 16] [2 11] [33 4]
 599 [23 6] [26 1] [13 21] [12 6] [16 14] [19 23] [23 16] [31 15] [31 1] [11 36] [18 4] [0 32] [13 31] [34 6] [29 7] [19 37] [7 5] [19 30] [18 9] [23 11]
 601
 600 [16 4] [2 0] [18 35] [18 11] [33 0] [15 21] [21 2] [31 18] [33 10] [11 16] [9 1] [32 5] [9 8] [22 17] [16 16] [27 3] [25 9] [18 26] [13 28] [39 9]
 602
 604
 605
 603
 606
 607
 608
 609
 610
 611
 612
 613
 614
 615
 616
 617
 618
 621 [32 15] [27 24] [33 8] [21 9] [32 34] [24 18] [25 32] [17 19] [34 29] [28 9]
 619
 622 [21 22] [33 11] [32 19] [30 37] [23 32] [33 1] [28 2] [27 11] [30 31] [22 0]
 623 [28 4] [17 7] [30 34] [30 13] [25 10] [33 0] [18 30] [25 22] [31 18] [18 22]
 620
 624 [22 9] [32 13] [23 20] [34 31] [32 2] [32 25] [25 37] [29 31] [26 14] [31 18]
 625 [28 2] [33 3] [33 34] [33 21] [34 8] [17 39] [16 2] [25 29] [22 22] [23 17]
 626 [20 19] [20 14] [28 2] [33 14] [28 33] [26 18] [33 3] [19 1] [29 28] [26 9]
 627 [32 36] [30 11] [25 17] [22 33] [24 38] [32 18] [32 3] [23 26] [31 24] [28 30]
 628 [33 0] [28 31] [29 26] [30 7] [23 22] [30 39] [30 12] [30 21] [26 0] [33 33]
 630 [17 12] [25 8] [32 23] [22 28] [32 17] [20 19] [27 27] [25 16] [28 34] [34 35]
 629 [26 2] [34 39] [20 15] [23 29] [25 39] [33 9] [31 4] [31 27] [20 35] [33 16]
 631 [25 8] [29 2] [15 28] [19 18] [32 14] [16 13] [21 24] [31 7] [23 3] [24 13]
 632 [17 36] [18 6] [22 18] [18 30] [23 13] [32 17] [30 10] [23 1] [23 6] [31 2]
 633 [32 4] [19 17] [17 37] [28 15] [29 9] [22 8] [34 12] [16 30] [17 6] [21 26]
 634 [30 18] [34 7] [27 12] [26 7] [18 3] [17 19] [28 0] [34 12] [15 10] [23 18]
 635 [32 14] [21 13] [20 3] [18 8] [19 27] [21 21] [15 20] [30 1] [30 6] [21 37]
 636 [21 27] [32 1] [25 8] [31 12] [30 18] [18 16] [16 35] [34 6] [25 16] [22 2]
 637 [33 0] [18 20] [27 0] [22 5] [20 29] [25 17] [19 14] [30 15] [29 6] [18 34]
 638 [22 10] [28 9] [33 7] [22 18] [28 18] [20 27] [20 2] [32 1] [33 15] [18 39]
 639 [29 8] [33 14] [21 28] [21 15] [24 0] [20 38] [27 17] [29 1] [19 3] [24 9]
 641 [17 24] [34 13] [15 16] [24 36] [22 30] [28 9] [19 35] [31 37] [20 6] [17 1] [21 15] [29 26] [28 31] [29 16] [27 2] [34 21] [23 25] [33 8] [34 2] [33 31]
 640 [18 26] [18 0] [31 9] [17 17] [24 16] [16 6] [18 35] [32 3] [31 16] [26 0]
 642 [32 35] [33 19] [32 28] [26 14] [21 6] [32 14] [25 26] [27 0] [33 8] [19 16] [27 7] [20 11] [24 36] [24 21] [20 28] [15 36] [16 2] [21 1] [18 21] [34 1]
 643 [23 7] [33 18] [18 10] [29 30] [34 8] [29 6] [31 36] [30 13] [16 35] [34 3] [22 37] [28 0] [24 28] [19 27] [25 20] [18 20] [23 1] [18 5] [25 15] [32 24]
 644 [27 16] [21 37] [26 23] [33 7] [34 1] [34 39] [20 32] [34 34] [24 2] [33 14] [26 8] [33 28] [20 11] [20 26] [29 2] [29 33] [31 22] [19 2] [19 21] [15 33]
 645 [22 26] [17 26] [30 33] [25 7] [33 16] [24 32] [25 38] [34 21] [26 14] [18 32] [30 27] [27 19] [17 15] [19 9] [21 2] [34 39] [20 37] [31 4] [31 10] [20 21]
 646 [34 2] [31 39] [26 39] [16 22] [25 10] [22 25] [20 14] [30 10] [29 33] [28 3] [23 32] [20 39] [19 1] [34 17] [23 20] [31 27] [28 15] [18 8] [31 22] [17 29]
 647 [32 19] [32 39] [23 22] [19 0] [25 8] [27 39] [34 1] [31 30] [20 10] [16 23] [24 3] [15 32] [32 13] [34 24] [24 17] [34 8] [19 16] [26 31] [21 38] [21 29]
 648 [31 32] [25 38] [24 12] [22 30] [15 1] [18 11] [16 28] [34 4] [19 35] [29 9] [28 27] [32 38] [29 21] [34 27] [26 2] [34 14] [34 21] [24 21] [18 20] [20 3]
 649 [29 21] [18 7] [34 5] [34 26] [33 0] [28 36] [34 35] [29 28] [28 9] [24 21] [28 3] [27 15] [34 19] [18 24] [19 13] [23 33] [23 4] [32 14] [15 30] [23 26]
 650 [17 21] [31 22] [17 26] [34 14] [22 33] [20 16] [33 30] [17 31] [20 8] [26 15] [21 1] [30 8] [25 39] [15 16] [25 21] [33 2] [25 10] [27 0] [28 28] [30 36]
 653 [16 17] [16 12] [17 0] [15 36] [2 35] [19 29] [29 0] [24 2] [34 1] [8 35] [18 5] [32 9] [21 14] [20 36] [13 31] [19 23] [26 16] [33 18] [26 8] [2 28]
 652 [2 7] [16 13] [6 38] [17 8] [17 19] [3 30] [16 26] [24 10] [30 2] [17 2] [19 31] [24 3] [5 22] [23 17] [30 15] [21 25] [19 38] [0 19] [33 7] [6 16]
 651 [19 13] [17 29] [16 1] [15 19] [16 24] [34 17] [20 19] [23 1] [29 18] [29 2] [29 13] [20 36] [24 13] [15 37] [18 7] [32 8] [21 24] [6 11] [34 2] [24 8]
 654 [19 25] [16 39] [34 3] [20 31] [28 1] [15 20] [25 17] [18 14] [9 37] [21 37] [31 10] [26 7] [22 1] [31 16] [26 12] [15 9] [15 33] [21 9] [17 2] [20 20]
 655 [15 24] [6 24] [20 27] [25 3] [20 34] [27 10] [11 0] [21 13] [18 4] [30 18] [15 18] [32 12] [25 18] [20 21] [15 33] [30 4] [18 39] [15 13] [1 20] [4 3]
 657 [15 35] [31 9] [33 0] [19 0] [26 11] [20 30] [21 35] [2 3] [6 39] [18 10] [32 14] [7 8] [4 17] [25 3] [20 23] [15 18] [16 5] [15 27] [20 17] [25 17]
 656 [34 18] [17 31] [28 17] [0 35] [5 15] [20 8] [33 2] [26 1] [34 9] [23 15] [17 36] [17 20] [28 8] [21 0] [6 24] [16 2] [18 15] [15 9] [6 32] [18 25]
 659 [34 0] [17 36] [29 0] [19 24] [19 29] [23 0] [18 0] [17 10] [26 6] [32 10] [31 18] [13 0] [4 26] [19 18] [33 5] [25 16] [6 3] [8 16] [19 5] [24 11]
 660 [33 12] [15 0] [16 11] [17 31] [30 4] [2 3] [2 27] [19 19] [20 0] [1 11] [7 32] [18 5] [25 0] [17 37] [23 5] [26 11] [25 16] [17 24] [21 11] [30 17]
 661
 658 [15 38] [28 1] [23 2] [15 23] [15 6] [19 32] [21 9] [33 4] [20 16] [21 27] [26 9] [0 6] [32 17] [4 26] [15 15] [20 38] [31 10] [27 15] [20 21] [16 1]
 662
 663
 664
 665
 667
 666
 668
 670
 669
 671
 672
 673
 674
 675
 676
 677
 681 [22 25] [23 16] [28 3] [33 19] [32 27] [28 11] [34 9] [21 37] [30 33] [27 22]
 678
 679
 680
 682 [21 37] [25 21] [31 12] [27 37] [33 37] [34 29] [25 3] [33 24] [26 8] [32 6]
 683 [29 19] [22 24] [19 11] [33 2] [30 25] [16 30] [25 29] [28 8] [33 10] [26 0]
 684 [26 26] [27 11] [19 26] [16 1] [32 24] [21 1] [34 34] [30 2] [30 16] [20 31]
 685 [32 30] [19 9] [25 32] [33 37] [17 35] [29 8] [26 21] [28 37] [28 1] [23 1]
 686 [22 23] [25 9] [30 15] [31 36] [31 31] [27 4] [22 32] [34 0] [34 20] [31 10]
 687 [32 31] [27 38] [19 35] [29 20] [22 10] [22 30] [27 26] [32 14] [29 6] [22 0]
 688 [24 27] [29 1] [32 10] [26 8] [34 28] [22 3] [25 21] [29 26] [33 17] [17 14]
 689 [24 18] [21 36] [32 22] [27 38] [34 9] [23 9] [29 6] [34 38] [24 24] [18 6]
 690 [27 32] [34 24] [28 37] [31 0] [34 10] [24 2] [28 20] [22 15] [26 25] [33 35]
 691 [19 3] [20 20] [30 14] [28 7] [20 12] [19 31] [18 26] [34 4] [26 1] [21 39]
 692 [16 32] [19 27] [34 7] [31 15] [28 4] [19 22] [23 17] [26 11] [21 4] [19 39]
 694 [34 1] [25 7] [21 13] [31 15] [21 21] [18 8] [31 6] [26 16] [27 0] [18 28]
 693 [27 1] [23 12] [20 0] [25 7] [32 18] [34 5] [33 11] [28 12] [21 21] [20 30]
 696 [33 8] [27 11] [21 14] [25 5] [20 34] [32 17] [26 17] [34 0] [29 0] [21 24]
 695 [20 21] [20 27] [20 8] [27 1] [25 9] [34 7] [34 1] [22 14] [32 15] [20 39]
 697 [23 4] [19 10] [24 13] [17 35] [31 17] [31 8] [15 5] [19 21] [18 29] [31 2]
 698 [21 29] [32 8] [21 12] [34 17] [21 21] [31 0] [25 6] [15 9] [24 0] [26 15]
 699 [22 0] [23 8] [18 12] [34 18] [18 38] [31 6] [24 16] [17 29] [30 13] [28 1]
 701 [26 25] [26 0] [15 4] [34 33] [29 30] [21 37] [28 13] [34 17] [22 6] [16 9] [33 2] [29 7] [28 19] [18 20] [20 28] [34 10] [23 19] [30 38] [21 14] [32 24]
 700 [15 10] [33 4] [15 33] [21 7] [33 17] [17 18] [23 2] [30 10] [22 12] [20 38]
 702 [33 30] [34 11] [17 39] [22 32] [34 3] [23 0] [21 23] [33 35] [27 37] [29 4] [34 23] [28 30] [30 16] [27 11] [15 32] [21 18] [21 13] [16 10] [26 25] [23 5]
 703 [17 28] [30 4] [29 31] [22 21] [19 13] [24 29] [33 9] [21 6] [34 28] [15 20] [23 1] [33 14] [34 38] [30 23] [34 33] [29 38] [28 15] [16 3] [27 9] [20 36]
 705 [30 37] [27 10] [16 39] [25 22] [34 28] [28 28] [19 21] [22 39] [23 16] [17 13] [27 4] [32 8] [21 6] [22 0] [17 1] [20 28] [23 34] [34 13] [33 1] [32 20]
 704 [21 19] [23 36] [32 4] [27 30] [21 1] [17 27] [26 1] [16 15] [28 39] [16 38] [26 24] [32 28] [21 13] [32 12] [34 23] [29 19] [32 33] [27 14] [25 7] [34 38]
 706 [34 33] [23 15] [25 9] [33 39] [33 7] [34 28] [18 18] [18 32] [34 15] [33 2] [18 7] [28 38] [25 0] [23 36] [33 21] [20 26] [26 23] [19 2] [29 15] [27 31]
 707 [21 9] [26 0] [17 39] [17 15] [30 9] [18 20] [28 25] [22 14] [26 38] [27 31] [19 25] [33 35] [16 30] [22 33] [33 22] [33 1] [26 19] [30 14] [33 30] [19 1]
 708 [22 14] [29 4] [18 19] [33 39] [34 32] [19 32] [25 35] [16 4] [34 1] [23 7] [22 1] [27 18] [34 26] [17 9] [34 9] [29 30] [20 25] [33 18] [25 23] [29 11]
 709 [32 19] [33 24] [15 28] [25 29] [22 19] [22 1] [34 30] [27 1] [34 38] [20 25] [34 12] [21 8] [27 20] [20 14] [33 7] [26 39] [18 37] [32 2] [28 11] [25 34]
 710 [21 0] [21 11] [33 10] [34 36] [26 17] [27 12] [17 23] [19 37] [31 30] [25 29] [23 6] [24 24] [34 4] [28 3] [34 22] [20 30] [32 16] [29 35] [21 17] [29 24]
 711 [11 10] [33 12] [18 20] [27 5] [21 39] [19 1] [5 20] [19 13] [15 39] [26 12] [25 0] [30 17] [30 0] [19 7] [19 33] [17 28] [35 17] [2 12] [33 5] [25 18]
 712 [15 25] [9 28] [21 22] [32 12] [30 18] [15 33] [26 10] [20 7] [21 30] [0 12] [20 38] [15 8] [32 7] [27 4] [22 16] [32 1] [15 38] [15 19] [19 2] [17 14]
 713 [30 7] [33 18] [28 1] [7 29] [25 9] [15 27] [19 9] [19 32] [17 38] [18 2] [21 19] [26 14] [15 22] [21 14] [34 1] [33 13] [7 10] [23 0] [16 16] [21 25]
 714 [6 36] [33 13] [24 14] [21 2] [24 8] [3 15] [18 35] [30 4] [29 18] [15 29] [20 20] [16 15] [16 0] [15 23] [34 18] [36 6] [5 29] [19 8] [20 28] [9 0]
 715 [15 23] [25 16] [20 17] [20 25] [23 9] [17 39] [15 0] [32 8] [34 3] [0 12] [15 17] [27 4] [2 23] [35 16] [30 16] [18 10] [15 28] [18 33] [20 2] [15 5]
 716 [23 18] [19 8] [30 9] [33 3] [23 1] [17 21] [17 36] [28 4] [7 16] [17 14] [5 35] [39 17] [17 26] [0 13] [20 31] [25 10] [15 1] [15 31] [9 30] [30 17]
 717 [15 30] [15 1] [25 7] [26 1] [20 30] [15 12] [28 16] [19 24] [15 35] [34 7] [33 12] [20 39] [17 17] [20 1] [39 3] [31 0] [1 3] [19 6] [23 15] [34 18]
 718 [25 18] [6 8] [24 5] [19 38] [27 10] [32 3] [32 10] [10 34] [27 0] [15 26] [7 19] [19 21] [15 14] [3 3] [18 0] [30 17] [19 6] [21 12] [15 31] [20 29]
 719 [11 10] [32 10] [10 31] [10 22] [15 2] [20 28] [15 16] [16 36] [27 15] [16 10] [30 4] [22 9] [18 23] [27 10] [22 4] [20 17] [21 36] [33 15] [15 29] [2 39]
 720 [34 2] [28 16] [15 0] [19 22] [15 39] [25 2] [19 32] [21 38] [21 10] [20 0] [31 8] [33 17] [16 6] [0 36] [20 27] [19 17] [26 10] [15 27] [0 14] [16 12]
 721
 722
 723
 724
 725
 726
 727
 728
 729
 730
 731
 732
 733
 734
 735
 736
 738
 737
 741 [23 2] [26 7] [21 37] [32 3] [21 18] [31 18] [30 32] [23 13] [33 11] [23 26]
 739
 742 [26 4] [29 10] [23 19] [29 34] [32 18] [33 25] [24 11] [22 32] [23 39] [32 4]
 740
 743 [34 17] [29 14] [30 25] [16 22] [32 2] [34 30] [29 31] [19 27] [18 38] [25 9]
 744 [27 33] [20 24] [34 14] [22 3] [21 35] [28 21] [23 16] [32 2] [30 8] [32 34]
 745 [32 26] [32 33] [29 20] [24 27] [16 37] [20 22] [26 39] [22 11] [26 4] [33 0]
 746 [29 8] [25 15] [29 34] [19 35] [32 22] [26 24] [24 35] [31 2] [20 13] [25 3]
 747 [27 5] [27 12] [29 25] [34 28] [21 30] [23 38] [32 7] [21 13] [24 23] [33 13]
 748 [19 8] [30 26] [32 20] [27 35] [25 26] [20 28] [33 39] [18 34] [30 1] [32 34]
 749 [19 3] [30 26] [31 4] [33 12] [27 9] [33 17] [18 39] [23 19] [25 25] [23 33]
 750 [32 7] [29 29] [24 14] [19 11] [32 35] [27 39] [33 14] [23 5] [20 27] [29 22]
 751 [21 22] [28 16] [32 1] [22 15] [31 11] [34 18] [17 28] [21 36] [26 8] [17 5]
 752 [22 17] [28 4] [20 10] [27 16] [17 20] [26 9] [21 37] [32 10] [32 17] [20 4]
 753 [25 5] [28 11] [20 32] [20 24] [34 18] [20 9] [34 12] [23 15] [32 4] [19 3]
 755 [32 8] [29 18] [17 0] [31 1] [21 38] [21 13] [22 0] [20 18] [26 6] [17 29]
 754 [21 18] [15 15] [19 28] [23 2] [28 18] [34 0] [27 10] [16 38] [33 5] [33 13]
 756 [21 26] [33 2] [33 14] [21 32] [22 3] [24 11] [27 17] [33 8] [21 18] [27 6]
 758 [31 17] [20 32] [24 2] [25 8] [19 4] [22 16] [31 12] [16 38] [33 3] [17 27]
 757 [18 39] [25 7] [21 33] [17 17] [32 15] [32 3] [34 8] [21 24] [23 12] [23 1]
 759 [26 0] [25 16] [32 18] [33 11] [20 19] [28 11] [18 34] [33 3] [18 1] [18 26]
 760 [24 9] [32 8] [24 16] [18 6] [15 11] [21 27] [23 3] [29 16] [30 2] [17 33]
 761 [34 0] [34 37] [20 0] [27 19] [33 15] [34 31] [25 14] [21 7] [29 39] [34 5] [30 26] [33 10] [17 12] [33 21] [29 4] [17 37] [27 33] [19 31] [25 28] [20 23]
 762 [19 32] [18 21] [19 38] [33 0] [25 19] [21 1] [26 12] [21 7] [20 16] [28 27] [26 7] [31 36] [31 10] [32 5] [33 23] [25 39] [33 18] [33 28] [25 33] [23 26]
 764 [34 25] [25 32] [27 15] [20 39] [23 20] [23 8] [34 18] [17 34] [19 25] [29 20] [30 10] [30 32] [28 0] [18 7] [21 0] [32 5] [28 26] [25 38] [20 13] [32 38]
 763 [15 26] [25 34] [28 14] [24 19] [27 7] [24 27] [20 35] [29 22] [23 13] [19 19] [26 2] [34 24] [17 13] [32 9] [34 15] [30 35] [31 1] [32 29] [21 7] [21 0]
 765 [21 29] [24 20] [26 13] [26 0] [32 12] [18 2] [18 20] [19 38] [15 30] [33 7] [31 1] [34 39] [19 9] [26 7] [34 31] [28 38] [33 24] [32 19] [26 30] [21 14]
 766 [19 10] [21 23] [26 23] [28 39] [21 15] [27 30] [33 2] [32 16] [26 1] [19 4] [25 8] [15 36] [33 39] [27 13] [33 31] [21 36] [26 18] [34 11] [22 29] [34 23]
 767 [19 13] [21 23] [29 12] [26 39] [25 6] [24 0] [15 32] [33 37] [18 1] [30 3] [31 30] [34 10] [24 30] [18 37] [17 18] [16 6] [24 12] [26 21] [34 15] [31 21]
 768 [22 33] [20 26] [17 9] [16 38] [24 21] [34 37] [34 14] [29 10] [18 2] [34 24] [27 26] [22 7] [33 0] [26 16] [32 32] [30 5] [15 24] [16 19] [31 19] [22 38]
 769 [30 31] [21 26] [27 26] [31 2] [34 22] [24 15] [15 39] [32 14] [33 9] [21 31] [25 36] [22 3] [16 32] [24 10] [16 7] [16 25] [32 39] [25 20] [19 16] [20 39]
 770 [34 6] [20 28] [28 34] [17 22] [32 22] [25 22] [21 15] [23 33] [21 2] [34 28] [16 37] [29 29] [34 1] [34 37] [16 2] [29 1] [26 10] [19 9] [25 39] [31 15]
 771 [33 18] [19 35] [21 26] [20 10] [29 2] [33 7] [10 1] [34 12] [13 37] [27 7] [19 5] [15 30] [19 0] [2 36] [19 19] [28 14] [34 1] [15 24] [24 2] [15 13]
 773 [10 19] [25 8] [16 12] [23 13] [19 1] [32 15] [19 37] [4 11] [33 0] [19 29] [19 18] [28 0] [31 10] [10 5] [18 24] [9 11] [17 6] [4 18] [26 18] [33 5]
 772 [26 3] [20 1] [19 16] [27 9] [4 0] [18 36] [33 8] [3 33] [25 16] [18 21] [9 25] [33 1] [15 3] [30 14] [36 16] [2 22] [7 6] [20 6] [19 11] [17 30]
 774 [1 20] [34 16] [15 5] [20 27] [30 9] [22 15] [10 25] [31 2] [39 10] [27 17] [19 21] [15 27] [5 33] [19 36] [22 9] [6 17] [17 0] [16 10] [26 1] [17 16]
 775 [30 1] [22 14] [27 13] [39 5] [33 14] [5 39] [27 18] [20 30] [25 1] [20 0] [30 6] [15 17] [16 22] [21 23] [15 34] [15 29] [15 1] [17 39] [25 7] [19 9]
 777 [2 18] [18 22] [24 3] [33 18] [20 14] [14 34] [15 39] [19 34] [23 9] [32 3] [15 14] [18 9] [18 4] [25 16] [33 10] [28 8] [20 39] [19 29] [8 37] [5 12]
 776 [34 18] [34 0] [21 38] [23 7] [29 18] [9 5] [18 8] [18 19] [31 6] [22 14] [20 25] [30 13] [29 1] [16 37] [15 25] [17 14] [19 32] [23 0] [17 1] [10 37]
 778 [27 15] [23 4] [17 5] [3 5] [16 35] [8 6] [31 8] [1 38] [10 21] [18 30] [18 22] [25 10] [16 17] [19 10] [21 39] [32 0] [22 15] [0 11] [16 0] [32 16]
 780 [25 0] [0 2] [18 36] [26 13] [21 6] [15 16] [15 26] [20 12] [27 8] [24 18] [21 28] [30 0] [33 8] [16 3] [16 31] [17 21] [31 14] [7 22] [15 10] [11 0]
 779 [1 11] [29 0] [19 12] [31 7] [16 3] [9 13] [26 10] [28 15] [9 8] [21 7] [19 27] [23 2] [16 19] [16 37] [3 22] [34 15] [34 0] [21 39] [19 32] [21 18]
 782
 781
 783
 784
 785
 786
 787
 788
 789
 790
 791
 792
 793
 794
 796
 795
 797
 801 [32 39] [33 17] [33 33] [20 34] [25 13] [22 2] [29 3] [26 27] [26 32] [33 28]
 798
 802 [20 39] [32 15] [28 9] [22 18] [30 25] [29 39] [19 25] [32 20] [31 31] [34 36]
 799
 800
 803 [26 29] [27 36] [32 37] [21 26] [29 7] [34 24] [21 0] [30 2] [34 17] [24 11]
 804 [29 19] [21 21] [23 30] [25 37] [21 1] [22 14] [30 5] [31 11] [17 14] [30 35]
 805 [25 29] [34 11] [16 3] [34 28] [33 23] [33 33] [33 4] [28 9] [22 37] [29 17]
 806 [33 27] [31 6] [21 37] [28 33] [34 18] [19 16] [27 11] [25 27] [29 18] [34 1]
 807 [20 5] [28 1] [31 30] [33 25] [25 13] [31 8] [21 37] [23 29] [28 39] [26 23]
 808 [27 23] [34 10] [18 3] [21 29] [31 36] [26 12] [32 4] [31 30] [25 4] [23 18]
 809 [23 15] [25 4] [34 36] [31 20] [30 1] [21 27] [20 7] [33 9] [26 26] [30 14]
 810 [32 15] [18 13] [20 0] [32 9] [26 19] [26 34] [24 5] [16 7] [34 28] [24 10]
 811 [25 15] [33 1] [25 7] [18 8] [22 0] [33 7] [28 1] [18 24] [17 32] [33 15]
 812 [21 34] [21 2] [33 0] [28 0] [16 27] [16 16] [28 11] [24 16] [15 1] [30 16]
 813 [25 8] [21 22] [20 28] [15 31] [18 16] [21 39] [33 6] [27 1] [33 18] [31 13]
 814 [19 27] [29 9] [23 5] [34 18] [34 13] [34 4] [21 22] [18 12] [29 3] [20 33]
 815 [15 4] [32 16] [31 0] [22 5] [22 12] [16 21] [25 18] [27 13] [27 5] [32 11]
 816 [20 26] [17 21] [17 36] [32 18] [28 7] [34 2] [34 11] [17 1] [21 14] [28 12]
 817 [25 11] [18 4] [31 3] [25 5] [21 33] [29 17] [17 22] [31 11] [18 9] [19 14]
 818 [29 0] [34 2] [20 21] [18 6] [31 11] [16 30] [26 6] [18 38] [24 12] [21 28]
 820 [17 39] [18 22] [34 15] [26 18] [29 12] [33 6] [18 14] [30 1] [20 6] [20 33]
 819 [15 25] [20 38] [27 15] [32 4] [33 13] [20 19] [20 6] [19 30] [34 18] [19 0]
 821 [34 13] [28 38] [19 22] [15 3] [29 33] [28 9] [20 2] [30 28] [32 18] [18 27] [34 33] [25 24] [19 17] [24 18] [27 4] [19 12] [32 2] [33 39] [23 31] [21 36]
 822 [33 11] [31 3] [34 31] [31 36] [22 21] [19 3] [29 30] [19 28] [33 25] [24 33] [26 15] [16 38] [20 11] [20 16] [27 21] [22 39] [34 16] [24 28] [24 2] [25 7]
 824 [23 6] [33 33] [24 0] [34 28] [30 7] [22 20] [31 1] [32 39] [29 27] [31 12] [16 32] [18 14] [27 35] [20 27] [17 5] [21 32] [26 14] [31 21] [20 38] [19 0]
 823 [16 22] [17 33] [30 1] [22 11] [30 8] [33 26] [29 20] [15 27] [18 17] [23 2] [25 28] [18 2] [24 23] [24 17] [31 36] [30 15] [34 31] [17 38] [17 9] [25 36]
 825 [15 16] [28 31] [31 38] [27 10] [20 6] [28 2] [24 38] [21 17] [20 1] [21 22] [33 0] [21 12] [26 23] [19 38] [22 30] [34 32] [33 24] [34 14] [26 17] [34 5]
 826 [25 10] [28 39] [25 25] [28 0] [22 15] [23 33] [33 2] [28 18] [18 4] [33 16] [30 33] [23 38] [17 19] [15 35] [20 27] [19 9] [34 38] [32 25] [23 3] [31 8]
 827 [15 35] [19 0] [16 27] [27 34] [17 16] [28 10] [18 6] [16 11] [34 22] [22 36] [34 11] [29 17] [34 28] [25 26] [22 13] [20 22] [34 17] [24 3] [32 35] [30 4]
 828 [24 0] [34 8] [27 25] [17 24] [34 34] [15 19] [33 3] [28 5] [30 14] [32 39] [23 39] [20 5] [22 13] [33 27] [30 20] [29 34] [24 31] [22 24] [18 29] [21 18]
 829 [29 1] [21 15] [21 27] [34 30] [24 33] [24 3] [28 38] [19 5] [33 37] [28 20] [28 28] [33 19] [34 5] [34 12] [23 10] [34 25] [29 14] [23 38] [34 0] [19 20]
 830 [29 2] [24 10] [21 26] [28 16] [34 7] [29 8] [21 39] [22 18] [29 25] [17 21] [30 32] [32 37] [34 1] [16 26] [21 34] [34 25] [17 14] [15 36] [20 2] [33 14]
 831 [8 34] [20 18] [34 15] [8 4] [13 7] [4 26] [19 12] [18 37] [34 4] [26 0] [4 9] [20 30] [30 10] [25 7] [25 15] [15 31] [19 5] [17 0] [17 23] [15 18]
 833 [22 7] [25 12] [23 2] [29 4] [15 21] [34 6] [9 4] [7 25] [33 14] [18 28] [34 0] [18 1] [28 17] [22 17] [20 37] [17 7] [15 36] [16 13] [20 22] [11 13]
 834 [21 30] [21 7] [20 21] [34 6] [20 14] [34 1] [28 2] [33 14] [10 33] [16 30] [5 24] [15 16] [21 39] [15 9] [19 2] [28 18] [16 38] [28 8] [26 13] [15 22]
 832 [20 35] [23 11] [15 37] [31 11] [26 17] [21 4] [34 6] [34 17] [16 0] [19 30] [16 8] [28 6] [34 0] [18 14] [2 38] [27 0] [15 22] [20 19] [12 29] [21 24]
 835 [2 36] [3 18] [15 25] [29 14] [20 24] [23 3] [19 9] [21 39] [15 20] [34 0] [19 33] [18 4] [8 31] [26 8] [29 0] [34 14] [15 15] [31 8] [16 39] [23 16]
 836 [31 18] [34 4] [28 0] [18 8] [15 38] [24 8] [26 14] [18 32] [20 37] [12 10] [11 26] [18 23] [23 0] [15 16] [29 7] [20 18] [20 13] [18 3] [34 10] [3 5]
 837 [16 27] [23 0] [30 0] [33 12] [21 17] [5 7] [30 17] [25 6] [18 22] [2 26] [21 27] [10 8] [16 17] [33 7] [16 0] [27 11] [19 32] [19 12] [17 7] [19 39]
 838 [8 18] [1 1] [19 32] [34 3] [2 23] [30 12] [16 16] [15 1] [15 38] [25 9] [21 16] [0 32] [15 6] [26 4] [21 37] [20 4] [27 18] [19 25] [19 11] [32 18]
 841
 840 [15 26] [27 10] [15 19] [18 7] [20 32] [29 5] [16 39] [28 0] [34 7] [34 15] [16 12] [29 17] [33 0] [18 2] [23 2] [21 38] [10 31] [21 15] [20 24] [15 33]
 839 [16 31] [17 25] [10 0] [21 33] [27 18] [31 7] [33 1] [21 38] [1 30] [16 37] [24 13] [28 2] [31 12] [19 18] [22 4] [17 0] [18 12] [34 18] [2 0] [16 5]
 842
 844
 843
 845
 846
 847
 848
 849
 850
 852
 851
 853
 854
 855
 856
 857
 858
 862 [22 29] [29 32] [29 26] [30 39] [31 7] [18 0] [30 16] [24 7] [34 23] [31 2]
 861 [20 1] [23 29] [28 10] [29 0] [34 29] [24 19] [31 34] [34 21] [24 34] [29 23]
 860
 859
 863 [33 37] [29 13] [34 10] [24 23] [25 30] [33 1] [24 9] [30 27] [23 3] [34 18]
 864 [24 24] [29 25] [22 37] [34 36] [32 1] [30 17] [27 4] [20 1] [21 9] [34 30]
 865 [25 31] [15 12] [25 2] [20 6] [25 36] [31 0] [27 9] [18 18] [18 34] [32 38]
 866 [22 36] [18 29] [24 6] [28 12] [27 34] [30 19] [23 22] [32 25] [34 1] [27 28]
 867 [30 13] [25 25] [26 5] [29 18] [32 38] [25 33] [34 23] [20 3] [19 36] [33 2]
 868 [34 13] [21 23] [25 32] [33 24] [20 39] [31 37] [29 0] [18 1] [29 6] [19 16]
 870 [32 12] [29 5] [19 18] [26 26] [28 18] [30 37] [33 23] [24 38] [34 3] [28 31]
 869 [28 15] [28 30] [33 39] [19 38] [34 32] [23 14] [33 0] [31 21] [27 9] [25 39]
 871 [25 4] [31 0] [31 12] [19 28] [31 17] [21 20] [16 3] [19 14] [26 10] [34 5]
 872 [21 23] [28 1] [18 6] [25 12] [33 16] [34 0] [20 15] [28 6] [18 0] [34 7]
 873 [21 39] [18 1] [30 18] [24 8] [33 1] [32 13] [19 11] [32 8] [25 17] [15 28]
 876 [21 15] [17 26] [28 2] [28 18] [20 1] [34 3] [16 32] [21 35] [21 6] [33 12]
 875 [28 4] [21 31] [19 3] [24 14] [33 0] [15 29] [18 39] [34 5] [18 22] [34 10]
 874 [21 26] [33 16] [19 35] [15 14] [28 17] [34 11] [25 2] [30 4] [20 4] [23 12]
 878 [17 0] [20 18] [31 7] [20 38] [25 14] [21 26] [30 0] [31 18] [18 12] [21 7]
 877 [32 2] [19 4] [31 12] [26 6] [19 21] [32 7] [21 38] [20 33] [25 13] [31 17]
 879 [15 1] [33 2] [29 13] [28 0] [21 22] [26 7] [29 18] [17 39] [20 2] [24 15]
 881 [22 30] [19 39] [21 1] [19 16] [28 32] [20 24] [24 9] [15 5] [29 11] [34 38] [19 10] [33 30] [27 4] [25 25] [32 1] [26 18] [32 23] [34 7] [34 12] [31 17]
 880 [17 23] [28 8] [18 0] [18 28] [23 6] [31 0] [29 13] [34 9] [34 15] [24 0]
 883 [18 8] [26 1] [33 0] [27 39] [19 25] [15 20] [34 5] [17 37] [30 24] [20 17] [33 15] [32 36] [28 14] [34 31] [22 33] [29 30] [25 23] [22 39] [29 7] [23 9]
 882 [17 20] [24 12] [34 36] [20 25] [22 37] [20 32] [17 37] [24 18] [33 0] [33 29] [28 1] [16 15] [22 6] [17 1] [29 12] [30 22] [27 36] [26 30] [25 24] [31 6]
 885 [24 24] [32 27] [19 11] [30 18] [17 20] [16 27] [25 39] [30 39] [19 33] [32 4] [17 4] [29 10] [34 12] [24 29] [24 10] [27 34] [25 17] [24 4] [34 33] [19 39]
 886 [28 19] [20 35] [26 34] [16 19] [15 10] [18 26] [33 38] [21 19] [28 29] [20 9] [34 12] [28 24] [33 3] [33 21] [26 7] [23 25] [28 2] [28 14] [34 29] [19 0]
 884 [26 39] [32 31] [34 15] [19 25] [21 20] [27 17] [19 1] [33 25] [26 32] [29 8] [26 2] [21 10] [33 38] [21 15] [17 30] [33 20] [25 25] [19 39] [31 3] [34 10]
 887 [25 15] [33 10] [16 5] [25 39] [19 10] [32 32] [19 15] [26 24] [32 15] [23 0] [27 9] [34 20] [34 25] [19 35] [25 31] [33 38] [16 26] [21 21] [21 26] [30 2]
 889 [20 37] [32 9] [34 33] [34 4] [24 26] [28 4] [26 15] [16 31] [23 5] [25 35] [28 20] [17 23] [34 38] [22 0] [19 10] [34 20] [30 26] [23 21] [31 15] [17 0]
 888 [19 29] [26 33] [26 7] [27 16] [18 20] [33 5] [31 11] [24 2] [33 32] [19 1] [32 27] [21 8] [23 22] [33 37] [32 16] [32 0] [21 35] [27 27] [31 21] [27 38]
 890 [19 31] [18 3] [30 27] [30 22] [26 37] [34 0] [31 10] [32 38] [25 9] [29 0] [18 39] [15 9] [31 5] [23 24] [20 9] [24 19] [30 16] [23 4] [19 17] [29 32]
 891 [4 6] [31 9] [21 27] [17 12] [21 32] [9 27] [20 3] [11 33] [18 39] [15 0] [15 5] [16 30] [3 21] [23 17] [31 18] [26 11] [31 0] [18 21] [7 1] [26 4]
 892 [10 4] [16 19] [7 39] [21 31] [21 23] [25 0] [19 0] [20 39] [15 38] [21 18] [26 18] [27 9] [19 13] [32 13] [31 3] [16 25] [16 32] [34 8] [18 7] [34 18]
 894 [21 35] [29 17] [34 0] [25 3] [32 5] [15 22] [2 0] [19 0] [32 11] [34 17] [2 17] [18 17] [16 36] [18 30] [18 6] [25 8] [20 24] [9 0] [19 12] [24 15]
 893 [33 17] [21 11] [15 34] [0 8] [21 0] [32 11] [21 16] [1 19] [16 0] [15 13] [20 33] [15 5] [29 0] [27 14] [20 5] [28 5] [19 28] [34 2] [19 39] [19 22]
 895 [21 19] [33 13] [15 11] [26 14] [18 35] [28 6] [10 28] [21 10] [20 24] [20 29] [0 22] [15 26] [26 1] [0 3] [19 3] [16 17] [34 18] [34 8] [32 0] [7 0]
 897 [12 13] [26 14] [6 7] [32 1] [15 1] [16 18] [23 6] [19 39] [31 9] [21 19] [22 0] [20 34] [15 34] [5 28] [18 6] [27 0] [18 11] [32 17] [21 25] [15 25]
 896 [15 39] [20 22] [23 13] [21 39] [15 28] [3 37] [15 23] [15 0] [29 0] [18 8] [15 34] [34 2] [34 11] [34 16] [20 1] [20 30] [29 7] [29 14] [24 7] [16 16]
 898 [29 2] [20 26] [27 7] [16 35] [31 18] [5 24] [20 19] [23 14] [15 28] [18 8] [1 6] [16 14] [32 13] [21 35] [33 8] [17 0] [24 1] [15 20] [8 3] [34 2]
 899 [20 8] [15 8] [16 1] [25 12] [21 39] [22 1] [15 22] [30 1] [16 39] [15 31] [32 16] [22 17] [33 9] [16 16] [21 28] [21 22] [28 6] [20 33] [27 17] [6 34]
 900 [34 17] [16 0] [32 10] [28 3] [16 18] [20 29] [21 21] [29 15] [18 36] [34 4] [4 26] [27 10] [16 13] [15 25] [22 0] [21 9] [15 31] [24 15] [16 8] [9 12]
