 5
 6
 8
 7
 3
 4
 2
 1
 9
 10
 11
 14
 12
 13
 15
 16
 17
 18
 19
 20
 21
 22
 24
 23
 25
 26
 27
 28
 30
 29
 32
 31
 33
 34
 37
 35
 36
 38
 39
 40
 41 [38 15] [25 34] [20 37] [29 29] [22 31]
 42 [14 11] [24 36] [24 20] [20 16] [27 28]
 43 [22 36] [33 31] [31 32] [27 21] [25 14]
 45 [21 16] [20 10] [22 13] [35 9] [25 31]
 44 [15 26] [32 23] [39 13] [11 33] [34 30]
 46 [19 0] [33 8] [21 8] [24 39] [29 14]
 47 [32 37] [27 6] [22 28] [33 22] [13 6]
 48 [18 5] [25 31] [39 31] [15 7] [24 7]
 49 [17 24] [22 21] [29 8] [16 17] [19 3]
 50 [18 14] [23 12] [30 31] [24 18] [26 23]
 51 [25 15] [19 31] [15 31] [29 36] [24 23]
 54 [26 36] [29 27] [18 7] [26 32] [20 23]
 55 [23 32] [29 14] [24 32] [21 32] [27 37]
 53 [29 20] [24 9] [23 20] [15 19] [28 37]
 52 [25 22] [19 13] [12 35] [28 35] [17 27]
 56 [11 37] [27 14] [22 3] [25 24] [20 12]
 57 [14 19] [25 36] [30 10] [24 11] [30 5]
 58 [24 15] [26 14] [39 3] [25 35] [18 39]
 60 [23 32] [26 20] [31 6] [24 33] [28 24]
 59 [25 3] [18 20] [21 38] [20 30] [27 1]
 61 [22 10] [24 13] [24 10] [17 1] [20 3]
 62 [21 5] [34 9] [14 8] [25 3] [28 14]
 63 [23 0] [30 13] [26 18] [33 5] [38 14]
 64 [18 29] [28 15] [24 11] [12 0] [30 8]
 65 [29 1] [31 7] [34 1] [20 12] [26 16]
 66 [25 10] [16 34] [22 6] [31 13] [20 1]
 68 [17 8] [24 9] [15 27] [34 4] [23 11]
 67 [17 6] [17 17] [21 12] [32 0] [19 5]
 70 [19 31] [39 14] [26 8] [27 7] [11 38]
 69 [16 2] [24 5] [25 0] [23 0] [32 11]
 71 [28 17] [32 20] [20 12] [17 1] [21 19]
 73 [30 17] [24 5] [20 4] [26 0] [20 11]
 72 [20 7] [27 17] [22 20] [24 13] [17 5]
 74 [25 11] [36 12] [26 20] [20 1] [28 8]
 75 [21 5] [22 2] [20 14] [24 12] [22 3]
 76 [31 18] [20 6] [26 17] [31 13] [33 19]
 78 [29 0] [28 17] [26 15] [25 3] [25 12]
 77 [20 0] [29 17] [18 4] [32 13] [18 3]
 79 [20 7] [25 4] [28 10] [27 17] [27 16]
 82 [31 22] [13 21] [19 1] [27 12] [21 22] [32 32] [38 33] [20 38] [24 26] [20 0]
 81 [25 16] [14 0] [25 12] [28 18] [25 3] [33 14] [28 25] [23 3] [18 16] [32 26]
 80 [23 2] [20 9] [19 18] [32 6] [29 1]
 83 [21 31] [16 21] [34 10] [27 26] [33 30] [25 1] [21 18] [32 7] [17 36] [22 9]
 84 [20 8] [31 12] [16 6] [25 13] [30 15] [21 8] [26 5] [26 3] [23 23] [27 7]
 86 [21 23] [11 0] [39 0] [24 20] [24 14] [23 36] [18 28] [29 5] [20 21] [30 33]
 85 [14 38] [28 5] [26 11] [22 21] [28 13] [29 10] [26 9] [22 33] [33 31] [27 12]
 87 [30 27] [24 17] [21 17] [15 37] [30 2] [25 16] [29 33] [25 12] [12 7] [32 1]
 88 [24 25] [26 31] [20 16] [25 2] [19 36] [18 6] [27 10] [22 31] [21 2] [34 14]
 90 [25 35] [26 2] [28 2] [33 37] [17 11] [18 11] [26 9] [18 34] [28 20] [31 22]
 89 [28 7] [21 10] [27 7] [27 2] [17 32] [21 24] [35 37] [27 30] [20 26] [25 1]
 91 [12 38] [22 5] [28 34] [23 25] [28 38] [31 2] [33 18] [13 36] [31 0] [24 33]
 92 [29 2] [25 2] [19 9] [17 24] [19 5] [21 9] [19 14] [22 23] [21 34] [25 15]
 93 [23 19] [27 4] [31 7] [22 17] [24 37] [29 36] [29 37] [21 17] [26 0] [18 19]
 94 [26 2] [24 10] [22 26] [17 21] [20 16] [24 34] [33 18] [21 36] [24 6] [27 39]
 95 [19 32] [25 5] [21 21] [32 17] [15 5] [22 4] [29 7] [24 11] [25 34] [25 22]
 96 [26 37] [19 21] [21 6] [19 10] [18 7] [23 35] [19 1] [29 9] [31 10] [32 5]
 97 [34 15] [32 13] [13 28] [29 13] [21 8] [26 26] [19 28] [22 17] [24 11] [24 26]
 98 [22 20] [27 14] [15 27] [26 36] [27 16] [20 22] [37 7] [22 19] [12 34] [21 23]
 99 [21 28] [13 31] [19 8] [21 27] [15 6] [15 25] [27 38] [15 19] [27 29] [22 1]
 100 [22 28] [26 37] [23 30] [19 14] [24 26] [28 9] [21 22] [25 27] [33 9] [31 11]
 101 [16 37] [31 9] [30 20] [23 13] [22 15] [26 6] [23 6] [16 31] [18 36] [15 38]
 102 [19 37] [29 18] [29 2] [32 15] [34 16] [17 38] [29 20] [27 1] [15 28] [25 17]
 103 [34 9] [18 2] [32 4] [27 16] [15 23] [16 30] [38 14] [14 2] [30 5] [26 14]
 104 [16 26] [34 7] [17 18] [27 12] [28 19] [34 20] [30 10] [21 4] [16 23] [26 0]
 105 [26 5] [24 20] [24 6] [16 18] [33 3] [20 8] [29 20] [31 9] [21 10] [17 8]
 106 [29 7] [16 18] [21 4] [31 15] [14 37] [30 14] [19 8] [14 6] [15 28] [32 4]
 107 [15 37] [24 4] [19 39] [18 34] [15 14] [23 5] [29 16] [19 32] [19 37] [23 0]
 108 [19 38] [20 19] [27 19] [25 5] [20 2] [27 14] [13 34] [21 1] [24 18] [19 39]
 109 [20 18] [18 30] [30 17] [14 20] [18 17] [19 29] [23 4] [15 28] [30 9] [20 4]
 110 [36 5] [16 23] [14 1] [23 15] [35 14] [24 13] [19 8] [27 11] [23 12] [27 1]
 111 [30 4] [26 0] [26 6] [32 3] [18 17] [30 15] [25 5] [16 1] [34 15] [31 8]
 112 [24 10] [15 6] [32 6] [14 6] [35 18] [30 10] [31 11] [23 14] [34 10] [19 4]
 114 [25 11] [22 10] [33 7] [16 6] [34 11] [19 4] [21 17] [16 17] [25 19] [24 19]
 113 [16 1] [30 2] [14 12] [30 15] [30 12] [30 13] [17 2] [15 9] [25 7] [13 13]
 115 [18 0] [22 6] [21 18] [19 18] [29 15] [23 20] [31 16] [26 14] [19 20] [19 17]
 116 [24 7] [31 7] [27 16] [33 3] [23 2] [29 3] [28 2] [31 18] [24 6] [15 8]
 117 [18 12] [32 1] [35 10] [22 3] [33 13] [32 2] [29 13] [23 2] [25 12] [24 12]
 119 [21 19] [29 19] [23 17] [25 18] [22 17] [15 15] [23 11] [19 14] [21 10] [30 19]
 122 [27 31] [19 9] [27 18] [29 35] [18 28] [18 12] [34 36] [22 25] [23 0] [25 31] [15 29] [19 0] [23 1] [16 25] [29 3]
 118 [27 8] [19 14] [32 20] [20 14] [16 18] [22 10] [20 6] [23 9] [30 4] [21 12]
 121 [30 34] [25 14] [28 3] [25 18] [18 19] [30 36] [19 5] [25 30] [38 26] [22 34] [29 24] [24 19] [20 8] [15 30] [23 16]
 120 [15 0] [29 15] [30 14] [22 12] [29 19] [34 10] [25 13] [35 0] [33 17] [23 20]
 123 [25 26] [31 26] [19 29] [15 12] [29 21] [23 9] [24 20] [27 23] [24 23] [24 24] [25 13] [31 19] [18 34] [34 16] [29 4]
 124 [22 6] [26 4] [24 2] [31 19] [32 6] [26 17] [27 15] [34 27] [26 5] [28 16] [23 8] [18 30] [28 17] [30 37] [16 14]
 125 [26 5] [28 6] [26 27] [20 18] [32 8] [21 30] [20 14] [22 11] [16 34] [25 13] [28 20] [20 35] [26 34] [23 10] [33 23]
 126 [25 33] [31 33] [23 19] [32 6] [21 31] [22 28] [33 9] [29 37] [32 8] [27 34] [29 20] [31 11] [35 22] [25 16] [25 7]
 127 [16 12] [25 23] [30 3] [31 23] [24 30] [26 11] [18 32] [26 19] [36 33] [17 33] [19 20] [21 31] [24 15] [25 4] [16 7]
 128 [18 4] [27 19] [32 10] [29 2] [20 17] [16 30] [18 33] [23 10] [29 21] [24 19] [24 4] [21 39] [23 11] [32 11] [24 6]
 130 [12 12] [34 28] [35 33] [27 13] [29 10] [26 7] [34 5] [29 32] [24 15] [25 1] [27 20] [22 32] [16 23] [22 25] [25 0]
 129 [30 38] [25 11] [18 31] [24 5] [23 39] [30 21] [30 26] [18 19] [39 37] [20 12] [23 17] [17 22] [26 33] [21 24] [18 9]
 132 [20 7] [20 11] [21 4] [26 11] [21 28] [17 4] [30 11] [22 13] [30 5] [23 37] [21 20] [34 16] [23 12] [14 2] [24 25]
 131 [26 10] [23 34] [27 25] [12 1] [24 19] [24 15] [14 39] [20 22] [24 21] [26 36] [24 37] [29 25] [23 8] [15 35] [20 10]
 133 [19 9] [11 27] [22 34] [23 21] [25 36] [19 20] [33 12] [26 1] [35 13] [22 11] [25 15] [15 4] [26 21] [27 14] [19 36]
 134 [26 28] [34 2] [31 12] [28 24] [23 7] [16 35] [17 34] [16 7] [33 2] [28 28] [14 5] [25 4] [13 22] [24 7] [20 31]
 137 [21 12] [25 4] [33 10] [22 18] [20 33] [28 14] [25 1] [29 15] [18 26] [20 14] [16 7] [38 4] [30 0] [23 35] [29 34]
 135 [16 22] [17 27] [31 8] [19 24] [27 16] [29 10] [26 9] [22 32] [28 13] [22 24] [34 11] [23 34] [21 19] [19 3] [16 29]
 138 [22 23] [28 8] [32 15] [25 28] [27 15] [15 15] [18 33] [25 36] [14 13] [20 26] [15 2] [27 2] [29 12] [25 31] [19 14]
 136 [19 3] [17 13] [23 0] [29 30] [23 15] [18 38] [39 7] [16 13] [23 17] [32 13] [33 13] [19 9] [21 11] [21 33] [25 21]
 140 [27 13] [28 39] [37 13] [25 30] [21 23] [27 32] [24 28] [29 26] [18 14] [24 16] [20 10] [22 28] [21 29] [24 26] [24 10]
 139 [28 24] [35 4] [21 17] [25 35] [27 34] [18 11] [28 28] [33 11] [25 15] [19 8] [27 0] [29 13] [26 35] [22 10] [16 37]
 141 [35 6] [29 11] [34 9] [29 13] [15 27] [35 3] [22 14] [19 13] [22 11] [21 2] [25 1] [34 14] [19 15] [31 13] [19 16]
 142 [26 20] [14 32] [33 7] [26 16] [20 11] [24 19] [17 31] [14 33] [19 29] [13 5] [30 0] [25 13] [25 10] [25 1] [24 18]
 146 [24 17] [30 2] [27 7] [30 1] [19 8] [24 3] [16 26] [26 2] [29 5] [25 3] [22 17] [17 6] [23 17] [32 2] [32 12]
 143 [29 16] [27 3] [18 16] [29 0] [12 14] [22 15] [28 17] [17 12] [26 2] [24 0] [25 2] [27 13] [20 4] [25 20] [23 12]
 144 [34 3] [21 4] [17 34] [34 15] [13 24] [15 5] [23 14] [17 38] [16 24] [26 17] [16 38] [18 38] [16 34] [30 15] [26 16]
 145 [25 17] [32 12] [30 20] [21 5] [24 0] [18 32] [28 15] [23 14] [17 35] [18 19] [18 33] [23 6] [37 1] [17 5] [26 0]
 148 [25 12] [15 27] [27 2] [11 33] [28 9] [17 33] [29 15] [34 0] [25 7] [28 8] [29 5] [32 15] [29 7] [33 12] [15 17]
 147 [19 24] [29 16] [32 5] [16 16] [16 23] [12 18] [14 18] [23 7] [31 11] [29 9] [32 18] [34 14] [18 39] [15 8] [17 36]
 149 [19 38] [24 9] [35 1] [18 24] [28 16] [28 5] [32 7] [13 32] [17 31] [16 8] [23 6] [26 12] [25 11] [21 2] [28 0]
 150 [24 7] [26 2] [27 18] [26 17] [21 3] [18 27] [31 2] [30 2] [22 7] [31 20] [16 37] [20 1] [35 17] [19 2] [27 15]
 151 [28 15] [32 14] [31 8] [19 13] [15 0] [25 8] [35 5] [15 5] [27 5] [32 10] [22 11] [25 4] [24 15] [25 13] [27 15]
 153 [24 20] [38 7] [27 14] [14 13] [31 20] [18 18] [25 16] [14 15] [21 12] [19 4] [19 19] [30 10] [29 11] [19 9] [14 19]
 152 [32 13] [24 14] [33 1] [16 17] [30 3] [29 1] [27 5] [18 3] [31 14] [39 2] [14 20] [23 17] [19 1] [35 3] [27 3]
 154 [24 4] [34 16] [25 5] [33 3] [21 2] [34 5] [18 6] [27 5] [29 8] [25 12] [27 2] [24 13] [26 12] [20 4] [33 10]
 155 [28 7] [35 9] [21 14] [32 13] [30 10] [34 9] [23 9] [27 18] [25 15] [26 20] [22 6] [23 17] [33 8] [33 16] [29 19]
 156 [33 13] [26 8] [20 11] [28 4] [16 19] [18 5] [20 20] [30 12] [18 3] [35 13] [13 3] [31 5] [26 10] [14 5] [32 7]
 157 [17 19] [17 18] [32 10] [36 9] [29 20] [23 15] [24 7] [16 16] [18 15] [24 17] [33 1] [19 19] [23 17] [19 4] [18 1]
 158 [21 11] [28 4] [33 10] [34 12] [18 11] [20 11] [24 20] [29 2] [19 2] [24 0] [25 20] [29 10] [27 20] [28 5] [30 10]
 161 [30 1] [12 14] [30 0] [32 34] [22 2] [25 24] [26 29] [30 5] [30 9] [24 8] [25 10] [22 20] [32 11] [26 26] [19 38] [25 34] [16 19] [32 5] [24 1] [17 36]
 159 [24 12] [22 20] [29 11] [12 12] [22 17] [26 9] [25 18] [23 6] [30 15] [19 13] [29 7] [28 10] [16 14] [25 8] [21 18]
 160 [30 18] [26 10] [20 8] [27 9] [20 0] [24 6] [20 1] [29 7] [28 5] [19 6] [24 8] [14 4] [21 16] [15 8] [33 9]
 162 [33 7] [35 32] [20 6] [19 30] [26 10] [14 23] [28 26] [20 0] [22 7] [15 13] [23 5] [15 34] [13 39] [18 30] [26 18] [21 31] [29 11] [21 8] [31 28] [14 33]
 163 [18 32] [16 25] [30 30] [24 2] [30 25] [22 13] [22 28] [25 30] [24 17] [12 4] [27 16] [26 22] [32 29] [26 29] [26 21] [27 10] [25 15] [19 6] [24 13] [29 24]
 164 [28 39] [33 35] [39 16] [30 30] [30 11] [18 27] [29 30] [39 1] [15 23] [26 32] [23 37] [17 38] [23 2] [25 35] [32 2] [28 18] [35 30] [34 16] [23 36] [20 38]
 165 [17 29] [14 30] [30 21] [26 35] [28 26] [25 25] [22 8] [29 4] [23 18] [20 17] [31 30] [26 27] [33 9] [14 26] [18 10] [32 0] [34 5] [24 25] [18 29] [32 10]
 167 [27 5] [18 23] [20 32] [23 37] [21 3] [18 2] [23 31] [28 1] [18 11] [32 39] [14 21] [30 27] [33 31] [29 4] [17 0] [20 14] [17 14] [26 25] [18 20] [26 18]
 168 [31 32] [32 3] [29 12] [34 4] [27 0] [24 24] [32 23] [31 9] [30 30] [32 16] [29 34] [26 13] [29 15] [27 27] [24 8] [19 33] [18 38] [26 21] [35 6] [31 15]
 166 [30 19] [24 36] [25 7] [28 4] [25 24] [31 23] [20 34] [31 5] [30 17] [32 24] [31 27] [25 4] [34 4] [25 6] [26 4] [24 39] [27 37] [31 1] [23 11] [28 0]
 169 [24 39] [30 3] [28 28] [25 0] [27 12] [25 28] [16 7] [25 24] [28 32] [31 15] [33 18] [25 38] [24 20] [24 28] [23 28] [19 36] [26 30] [24 34] [17 19] [23 3]
 170 [17 32] [26 15] [31 37] [35 21] [25 35] [18 32] [30 33] [33 33] [14 27] [22 11] [24 20] [28 12] [28 39] [20 10] [17 30] [21 35] [24 16] [25 29] [28 21] [15 0]
 171 [20 35] [16 5] [17 4] [23 23] [20 7] [19 0] [21 39] [24 34] [27 35] [20 24] [18 13] [26 36] [29 30] [14 14] [22 23] [24 11] [27 38] [26 8] [25 23] [23 3]
 172 [13 39] [25 24] [16 20] [23 38] [21 33] [24 36] [28 11] [23 5] [25 7] [21 37] [25 9] [22 23] [35 8] [21 0] [28 5] [29 39] [23 23] [20 11] [20 24] [25 13]
 173 [27 23] [27 12] [24 12] [24 27] [26 13] [34 15] [25 16] [26 29] [33 5] [23 5] [24 30] [25 31] [30 13] [22 19] [12 27] [19 29] [29 6] [23 6] [19 10] [19 18]
 175 [35 2] [24 28] [22 38] [17 28] [14 27] [27 4] [23 11] [35 7] [25 8] [24 9] [20 5] [24 0] [20 21] [15 29] [17 19] [21 30] [15 9] [28 20] [24 33] [31 20]
 176 [26 30] [23 39] [17 39] [25 10] [15 10] [24 14] [24 3] [14 19] [26 32] [23 0] [25 30] [28 6] [38 9] [15 38] [27 36] [28 14] [24 13] [15 9] [25 35] [23 34]
 177 [19 36] [16 2] [28 28] [24 11] [24 2] [26 30] [24 31] [32 11] [16 6] [23 31] [26 37] [31 2] [26 6] [31 15] [33 16] [20 2] [23 24] [14 39] [26 11] [35 1]
 174 [25 23] [19 6] [13 2] [30 7] [28 18] [21 38] [23 5] [29 7] [38 11] [28 22] [21 19] [26 18] [18 0] [14 38] [20 27] [22 24] [21 4] [27 5] [16 19] [19 27]
 178 [25 12] [21 14] [28 34] [14 1] [21 18] [30 12] [30 6] [17 10] [21 8] [29 30] [21 6] [24 15] [32 5] [34 16] [15 31] [20 2] [33 15] [22 0] [30 8] [28 30]
 180 [23 26] [25 38] [26 38] [21 30] [14 3] [25 7] [34 20] [28 10] [27 0] [23 10] [25 29] [28 8] [17 20] [28 6] [35 20] [22 0] [34 8] [18 2] [20 30] [21 28]
 179 [17 7] [27 22] [25 39] [28 14] [29 38] [20 38] [23 20] [26 24] [33 12] [25 7] [25 37] [27 29] [14 6] [24 10] [25 38] [30 14] [26 10] [28 10] [18 20] [24 29]
 182 [29 12] [26 13] [26 16] [31 2] [29 17] [20 1] [22 18] [17 35] [28 11] [15 28] [25 3] [28 3] [18 16] [16 0] [27 13] [19 17] [17 36] [19 32] [19 11] [15 37]
 181 [24 15] [18 26] [20 2] [23 16] [31 16] [17 3] [33 17] [15 6] [32 1] [27 20] [24 5] [35 4] [26 2] [25 1] [32 16] [24 16] [33 6] [39 1] [32 8] [23 7]
 183 [18 6] [15 7] [22 3] [24 1] [29 11] [15 8] [29 1] [30 14] [19 14] [28 14] [13 32] [29 7] [20 1] [17 4] [20 8] [11 18] [31 16] [29 15] [13 10] [20 11]
 184 [26 19] [19 13] [17 39] [15 22] [19 17] [24 20] [24 4] [22 7] [25 7] [33 19] [15 34] [23 17] [17 5] [16 6] [15 33] [20 12] [35 9] [13 13] [21 14] [32 4]
 185 [30 0] [28 1] [15 13] [19 24] [22 0] [28 13] [23 14] [34 2] [22 2] [19 28] [39 2] [30 12] [27 3] [31 16] [26 14] [33 16] [16 12] [23 1] [24 7] [14 3]
 186 [29 3] [26 19] [23 18] [18 23] [19 38] [24 4] [30 4] [20 12] [26 17] [27 0] [23 2] [31 0] [31 4] [29 0] [23 13] [28 14] [12 25] [28 19] [19 12] [26 18]
 187 [27 8] [20 9] [30 12] [18 37] [29 13] [19 31] [22 3] [29 4] [17 27] [33 6] [21 6] [20 11] [15 27] [17 5] [21 8] [29 6] [29 1] [17 25] [25 0] [30 6]
 188 [31 16] [37 1] [17 22] [19 39] [17 39] [20 4] [26 19] [29 19] [21 6] [25 19] [29 20] [19 1] [21 11] [17 26] [18 21] [33 20] [20 2] [21 2] [37 2] [34 10]
 190 [17 38] [39 14] [23 6] [24 1] [23 9] [30 8] [31 11] [26 4] [26 10] [23 16] [16 5] [31 4] [23 15] [14 37] [15 13] [29 7] [15 10] [26 2] [22 8] [18 32]
 189 [22 19] [34 19] [16 39] [13 19] [26 20] [24 0] [20 5] [23 1] [25 7] [31 4] [33 11] [26 5] [31 8] [22 8] [20 3] [17 34] [20 6] [19 11] [15 36] [18 26]
 191 [34 0] [25 6] [12 18] [18 17] [32 12] [28 16] [28 9] [32 18] [26 9] [31 16] [24 19] [24 20] [25 20] [15 7] [33 16] [24 15] [21 10] [33 14] [20 5] [23 4]
 192 [28 5] [25 13] [19 11] [27 9] [25 5] [33 7] [21 7] [17 11] [21 9] [26 13] [27 14] [19 4] [28 8] [20 9] [23 5] [19 1] [28 11] [18 1] [13 1] [32 9]
 194 [18 17] [30 5] [13 6] [24 4] [26 13] [30 19] [18 10] [31 11] [24 8] [25 13] [12 19] [23 20] [32 12] [15 14] [22 8] [26 12] [29 15] [20 19] [31 6] [21 19]
 193 [14 2] [28 17] [26 12] [31 19] [37 0] [13 0] [24 19] [34 0] [20 19] [26 15] [27 19] [28 10] [36 4] [12 1] [22 4] [30 18] [25 16] [24 16] [16 13] [25 15]
 195 [13 0] [29 0] [18 5] [12 20] [30 13] [28 8] [23 2] [27 7] [21 4] [15 3] [11 7] [30 3] [22 0] [31 6] [25 0] [21 8] [27 15] [28 5] [27 8] [29 13]
 196 [27 15] [28 4] [35 2] [19 15] [20 10] [25 6] [31 3] [27 13] [25 9] [34 16] [17 9] [27 6] [20 5] [30 3] [20 15] [26 0] [19 0] [24 0] [25 0] [22 16]
 198 [29 12] [24 9] [31 19] [23 14] [34 12] [26 8] [27 18] [11 4] [17 6] [28 18] [33 16] [19 16] [35 7] [18 14] [32 14] [20 17] [25 4] [24 12] [20 15] [20 12]
 199 [21 14] [14 15] [26 14] [30 11] [28 18] [22 11] [22 20] [34 12] [21 10] [27 20] [28 8] [34 19] [28 19] [32 5] [20 4] [27 4] [30 15] [26 7] [21 16] [19 17]
 197 [34 17] [22 14] [34 18] [18 6] [24 2] [22 9] [34 13] [23 12] [31 0] [32 1] [21 7] [21 6] [25 2] [25 5] [17 1] [33 18] [26 9] [17 9] [21 0] [16 6]
 200 [17 2] [23 10] [27 6] [31 1] [25 1] [29 4] [33 10] [25 8] [27 8] [18 11] [22 10] [29 5] [19 10] [18 2] [27 5] [22 2] [26 2] [24 9] [28 8] [30 5]
 201
 202
 203
 204
 205
 206
 207
 208
 209
 210
 211
 212
 213
 214
 215
 216
 217
 218
 219
 220
 221
 223
 222
 224
 226
 225
 227
 228
 229
 230
 231
 232
 233
 234
 235
 236
 237
 238
 239
 240
 241 [18 32] [24 18] [24 35] [24 28] [27 29]
 242 [26 16] [25 27] [32 6] [27 21] [23 37]
 243 [26 20] [28 11] [28 2] [33 35] [33 32]
 244 [12 38] [25 24] [24 7] [17 9] [34 29]
 245 [24 26] [29 5] [24 32] [24 25] [39 13]
 246 [22 31] [28 2] [27 23] [24 21] [26 7]
 248 [34 14] [30 11] [34 3] [28 27] [16 9]
 247 [17 32] [19 11] [15 21] [29 15] [23 13]
 249 [25 12] [25 21] [18 3] [24 3] [26 10]
 250 [20 38] [33 15] [22 2] [14 1] [20 39]
 251 [16 12] [27 37] [24 28] [31 12] [22 18]
 252 [16 12] [27 0] [29 2] [27 2] [18 15]
 253 [25 14] [26 30] [20 12] [18 7] [18 22]
 254 [30 14] [30 19] [31 14] [28 13] [16 36]
 255 [27 33] [20 6] [31 5] [19 21] [26 13]
 256 [25 30] [27 35] [28 28] [21 4] [31 3]
 257 [23 31] [23 29] [21 32] [16 29] [19 7]
 259 [25 28] [32 12] [29 14] [18 9] [17 17]
 258 [31 2] [27 10] [18 9] [29 37] [19 4]
 260 [25 28] [27 1] [19 35] [31 4] [22 10]
 261 [29 13] [34 6] [19 34] [24 7] [29 6]
 262 [23 3] [17 11] [21 9] [11 27] [13 6]
 265 [16 1] [24 8] [19 19] [21 4] [24 17]
 263 [18 31] [13 31] [13 22] [23 7] [24 10]
 264 [22 14] [31 1] [13 0] [39 8] [22 16]
 266 [33 13] [25 10] [14 13] [35 10] [18 27]
 267 [14 12] [24 4] [30 18] [26 9] [21 20]
 268 [29 8] [30 19] [31 15] [20 15] [25 7]
 273 [27 17] [28 8] [28 9] [27 15] [30 19]
 269 [11 11] [24 16] [23 15] [23 8] [27 11]
 270 [17 14] [29 5] [28 1] [19 25] [29 13]
 272 [17 19] [16 0] [24 3] [19 12] [28 12]
 271 [22 7] [21 7] [19 20] [23 0] [19 1]
 274 [36 12] [25 5] [23 3] [24 14] [13 15]
 275 [21 6] [19 8] [20 7] [23 10] [29 20]
 276 [22 13] [21 11] [27 3] [17 4] [26 3]
 278 [25 15] [33 18] [31 10] [16 11] [35 15]
 277 [35 19] [19 18] [21 6] [20 11] [38 3]
 279 [36 4] [28 4] [22 10] [20 3] [37 3]
 281 [23 10] [23 33] [28 34] [31 30] [25 18] [24 35] [23 16] [21 1] [23 37] [24 17]
 280 [25 1] [28 17] [17 12] [15 4] [27 6]
 282 [25 11] [19 38] [27 33] [14 21] [18 38] [25 4] [29 5] [18 17] [29 33] [36 16]
 283 [31 12] [32 22] [30 32] [13 32] [18 22] [38 8] [29 35] [18 4] [23 27] [23 36]
 284 [23 24] [33 36] [23 25] [29 27] [27 19] [21 6] [18 24] [25 33] [24 20] [32 18]
 286 [33 1] [24 15] [25 21] [15 6] [25 1] [22 1] [27 21] [25 6] [15 13] [23 1]
 285 [29 29] [32 11] [28 27] [20 27] [23 6] [35 27] [23 22] [34 23] [27 14] [14 8]
 288 [30 24] [35 20] [37 12] [21 38] [17 31] [28 19] [35 28] [25 31] [29 9] [23 18]
 287 [22 5] [26 35] [35 32] [26 3] [17 32] [19 25] [17 29] [31 26] [13 35] [23 21]
 289 [24 35] [21 11] [18 23] [34 7] [27 20] [34 6] [24 27] [31 16] [28 23] [32 6]
 290 [30 39] [25 5] [19 22] [22 36] [28 19] [20 26] [25 36] [28 32] [17 24] [30 26]
 291 [22 34] [27 17] [29 34] [19 6] [29 3] [28 3] [24 26] [28 2] [18 14] [32 9]
 292 [26 34] [37 2] [17 36] [18 12] [27 8] [26 30] [16 18] [32 4] [33 0] [27 15]
 293 [25 36] [27 26] [22 0] [19 2] [20 14] [15 0] [31 0] [16 1] [14 6] [24 27]
 294 [35 2] [25 29] [26 1] [20 4] [22 0] [18 1] [22 37] [24 12] [16 15] [17 19]
 295 [21 30] [15 0] [26 39] [24 11] [21 12] [20 1] [29 11] [18 20] [13 16] [23 36]
 296 [18 16] [28 28] [13 34] [26 1] [17 16] [28 25] [29 9] [28 16] [26 11] [22 31]
 297 [24 12] [24 9] [28 12] [20 22] [31 16] [17 27] [31 15] [36 5] [24 15] [14 37]
 298 [22 25] [32 4] [20 30] [25 17] [22 17] [28 22] [28 1] [20 3] [21 3] [31 7]
 299 [16 24] [34 15] [23 37] [22 10] [23 29] [17 33] [18 35] [24 28] [22 20] [19 2]
 300 [24 12] [33 3] [15 22] [22 4] [14 25] [24 38] [24 31] [23 32] [25 24] [21 28]
 303 [24 11] [20 16] [13 2] [13 22] [19 17] [19 31] [22 6] [25 8] [26 9] [32 11]
 301 [26 2] [18 39] [23 9] [25 5] [23 17] [23 6] [22 8] [20 1] [33 12] [17 22]
 302 [25 19] [28 16] [16 25] [31 18] [26 13] [24 3] [33 3] [28 15] [22 1] [15 29]
 304 [22 16] [13 2] [27 1] [15 29] [20 12] [29 6] [15 0] [19 39] [18 5] [27 4]
 305 [24 15] [29 3] [13 38] [13 20] [14 2] [29 4] [23 17] [16 6] [39 15] [26 2]
 306 [14 17] [30 6] [35 10] [19 17] [15 36] [25 5] [24 4] [32 1] [12 4] [34 8]
 307 [27 15] [25 13] [26 13] [24 4] [13 22] [30 5] [35 8] [19 38] [19 35] [26 5]
 308 [26 11] [20 10] [18 21] [25 4] [29 6] [15 15] [30 15] [24 11] [23 13] [17 15]
 309 [33 1] [21 7] [11 33] [26 0] [35 9] [22 9] [24 11] [23 4] [19 14] [32 7]
 311 [19 10] [14 11] [20 12] [23 10] [22 1] [30 8] [24 11] [23 4] [21 14] [25 1]
 310 [18 35] [29 18] [28 19] [15 28] [23 14] [25 13] [16 6] [38 5] [28 14] [24 3]
 312 [17 16] [17 8] [31 15] [27 13] [23 19] [25 2] [22 20] [35 15] [19 0] [30 16]
 313 [13 16] [29 13] [14 8] [27 16] [37 14] [21 10] [27 9] [37 7] [29 8] [22 11]
 314 [24 5] [22 5] [18 7] [14 8] [26 5] [28 4] [26 15] [35 6] [26 11] [18 12]
 316 [20 16] [36 2] [26 20] [24 6] [25 5] [25 17] [24 15] [32 3] [37 16] [28 3]
 318 [25 20] [32 8] [37 0] [22 20] [19 6] [30 10] [26 4] [24 8] [28 12] [19 14]
 315 [29 14] [33 5] [24 18] [22 15] [21 15] [26 13] [22 9] [24 6] [26 10] [21 4]
 317 [22 2] [31 17] [34 17] [25 1] [15 8] [32 18] [21 8] [20 5] [18 11] [29 17]
 319 [26 19] [22 10] [29 19] [28 12] [29 1] [31 13] [21 15] [13 3] [24 19] [27 17]
 321 [33 13] [28 2] [32 29] [25 22] [20 3] [21 11] [35 1] [23 17] [16 28] [18 17] [24 1] [18 12] [28 20] [17 15] [23 12]
 320 [32 11] [30 5] [33 6] [25 12] [29 8] [29 3] [29 16] [14 8] [27 10] [14 9]
 322 [27 2] [32 15] [18 38] [29 7] [22 13] [34 4] [19 24] [27 18] [23 4] [26 26] [21 30] [31 31] [22 36] [29 6] [34 0]
 326 [22 39] [14 15] [28 19] [29 22] [17 23] [32 6] [36 37] [26 15] [15 33] [31 16] [16 15] [33 22] [23 31] [34 34] [21 26]
 323 [25 2] [15 20] [24 32] [20 15] [22 21] [17 1] [28 30] [27 28] [27 3] [16 20] [30 12] [25 17] [37 28] [30 38] [25 21]
 327 [26 27] [32 36] [25 33] [24 2] [34 18] [21 13] [28 22] [25 1] [27 16] [29 37] [24 16] [25 21] [32 9] [26 12] [23 0]
 325 [33 8] [11 18] [29 37] [38 36] [26 20] [31 26] [16 3] [33 7] [33 27] [15 8] [28 15] [31 14] [18 34] [19 15] [19 35]
 324 [25 22] [22 18] [38 32] [22 37] [20 25] [28 36] [18 24] [16 35] [18 25] [19 23] [20 33] [19 33] [21 33] [14 2] [24 11]
 328 [18 37] [30 24] [28 28] [13 12] [22 18] [28 23] [31 22] [36 34] [20 31] [22 33] [24 28] [28 6] [20 5] [18 31] [20 27]
 329 [33 5] [16 15] [29 34] [19 12] [18 0] [23 0] [28 35] [24 5] [31 27] [34 34] [30 3] [23 25] [25 28] [32 9] [13 18]
 330 [21 18] [28 32] [21 33] [26 21] [28 23] [14 28] [25 24] [31 36] [16 29] [11 2] [27 20] [25 13] [19 32] [29 1] [20 3]
 331 [27 20] [35 4] [23 21] [16 9] [25 17] [24 20] [19 19] [34 20] [23 10] [23 31] [28 8] [29 6] [19 35] [23 16] [21 9]
 332 [23 29] [20 14] [21 27] [26 29] [17 5] [23 34] [24 4] [20 12] [21 26] [24 29] [14 35] [18 30] [18 22] [24 7] [25 21]
 334 [30 13] [23 36] [28 32] [15 37] [27 30] [25 9] [26 7] [24 13] [26 38] [29 31] [17 21] [25 27] [26 9] [19 38] [14 36]
 333 [31 20] [21 21] [37 6] [25 10] [19 8] [14 28] [34 14] [28 30] [27 18] [33 19] [28 5] [28 4] [28 1] [27 21] [24 0]
 335 [37 1] [39 13] [27 38] [22 26] [24 0] [27 25] [24 5] [31 15] [27 28] [28 26] [27 10] [18 18] [31 11] [16 24] [29 5]
 336 [16 16] [30 6] [31 15] [31 6] [26 26] [35 17] [31 17] [25 28] [22 9] [13 23] [15 9] [29 24] [16 32] [12 38] [11 17]
 338 [19 25] [18 32] [24 8] [21 3] [26 39] [26 37] [15 35] [26 8] [20 28] [33 16] [17 25] [19 33] [23 4] [23 11] [21 0]
 337 [15 14] [29 19] [20 13] [28 26] [17 11] [15 26] [28 31] [20 22] [13 4] [14 35] [31 3] [19 16] [34 17] [14 14] [19 26]
 339 [15 7] [23 12] [30 14] [21 1] [19 1] [25 31] [27 23] [32 12] [27 11] [17 13] [27 13] [26 25] [25 32] [26 2] [34 13]
 340 [27 7] [23 5] [27 21] [21 11] [25 5] [26 28] [34 19] [26 35] [11 31] [22 24] [16 21] [31 3] [33 1] [26 29] [22 7]
 342 [19 16] [16 30] [12 19] [16 38] [33 4] [27 9] [32 18] [27 14] [35 17] [17 11] [14 19] [34 13] [18 29] [15 15] [25 16]
 343 [34 11] [20 2] [24 3] [24 0] [13 18] [21 4] [17 5] [22 19] [31 13] [20 16] [35 4] [20 0] [26 3] [35 19] [31 12]
 341 [19 38] [28 16] [16 4] [25 11] [25 1] [27 9] [31 9] [21 5] [27 6] [13 36] [26 7] [22 0] [32 5] [19 26] [17 39]
 344 [24 17] [23 8] [31 8] [19 38] [17 18] [15 27] [12 15] [33 20] [34 4] [32 10] [17 15] [14 4] [27 20] [15 3] [32 5]
 346 [19 20] [14 14] [17 12] [29 17] [36 0] [21 18] [21 1] [35 14] [23 18] [13 25] [25 15] [13 20] [18 25] [20 1] [23 11]
 348 [22 10] [31 16] [27 16] [12 29] [27 1] [21 15] [31 17] [29 1] [20 10] [30 14] [18 37] [24 2] [31 6] [14 23] [30 19]
 345 [12 8] [19 20] [31 12] [19 21] [27 8] [12 0] [31 13] [25 14] [24 0] [30 13] [14 15] [14 13] [27 10] [26 16] [16 34]
 347 [23 18] [29 17] [21 19] [25 1] [33 10] [21 11] [16 26] [19 26] [15 3] [24 18] [33 18] [15 25] [22 0] [29 0] [32 15]
 349 [18 25] [15 27] [31 18] [26 18] [15 21] [32 18] [14 32] [23 14] [20 11] [23 13] [17 6] [25 19] [34 11] [31 10] [30 17]
 351 [29 1] [22 5] [27 3] [24 20] [28 8] [13 1] [28 20] [31 19] [19 19] [30 8] [23 6] [17 10] [23 9] [29 0] [30 4]
 350 [18 4] [21 11] [17 4] [18 39] [22 16] [12 31] [19 4] [24 6] [24 4] [24 14] [24 7] [23 13] [12 24] [18 0] [29 11]
 352 [18 2] [26 14] [29 9] [20 7] [22 2] [26 4] [14 5] [39 13] [30 12] [20 8] [29 15] [24 11] [18 4] [23 15] [18 13]
 353 [30 4] [11 14] [24 0] [16 1] [19 1] [28 4] [19 12] [35 14] [18 2] [23 4] [23 9] [15 16] [27 17] [19 13] [18 5]
 354 [31 14] [23 10] [16 15] [18 14] [24 10] [24 15] [28 12] [20 14] [23 19] [20 2] [25 12] [22 17] [25 2] [25 10] [25 19]
 355 [16 0] [28 9] [27 14] [24 11] [26 11] [27 20] [16 18] [34 10] [29 19] [15 19] [20 8] [14 19] [23 17] [18 15] [24 17]
 356 [29 17] [28 10] [16 19] [15 8] [24 0] [36 6] [13 6] [14 11] [32 16] [23 8] [16 4] [21 11] [23 20] [22 11] [28 14]
 357 [31 3] [32 14] [34 11] [21 5] [23 5] [24 3] [18 11] [21 0] [18 16] [35 15] [31 9] [19 2] [29 8] [27 3] [29 11]
 359 [25 20] [26 8] [31 2] [29 19] [29 20] [32 19] [26 19] [21 17] [34 16] [13 0] [28 7] [17 2] [30 8] [18 15] [34 0]
 358 [33 14] [27 14] [20 14] [22 15] [19 14] [25 12] [30 0] [20 13] [19 7] [31 12] [31 8] [25 13] [24 15] [38 12] [18 14]
 361 [22 3] [22 28] [29 18] [24 33] [28 6] [19 29] [25 38] [17 10] [23 22] [26 0] [14 29] [26 36] [27 35] [19 7] [16 39] [32 8] [18 30] [21 2] [26 6] [18 7]
 360 [23 20] [23 17] [24 19] [19 15] [31 13] [30 10] [18 19] [27 11] [31 12] [30 15] [24 16] [31 8] [18 18] [31 16] [24 10]
 362 [39 36] [30 12] [28 25] [34 22] [23 22] [27 1] [24 33] [17 13] [12 33] [28 21] [39 11] [24 26] [21 25] [28 4] [17 28] [34 39] [31 16] [31 4] [17 5] [29 3]
 364 [19 25] [27 10] [24 21] [33 35] [29 35] [24 12] [19 21] [31 12] [13 30] [25 7] [27 7] [14 30] [24 2] [23 23] [23 20] [31 33] [24 36] [22 20] [24 38] [29 31]
 363 [23 30] [26 9] [24 20] [35 20] [21 8] [23 36] [34 36] [29 19] [19 34] [17 22] [15 21] [33 39] [36 10] [31 1] [17 25] [25 8] [21 26] [21 29] [23 10] [27 0]
 365 [31 27] [23 5] [27 36] [25 26] [24 0] [19 30] [22 13] [19 6] [35 39] [25 24] [31 6] [24 5] [27 22] [11 30] [24 28] [13 28] [26 20] [25 15] [33 21] [18 38]
 366 [20 14] [14 37] [34 14] [21 0] [35 38] [22 1] [20 19] [25 24] [21 34] [33 7] [28 14] [32 6] [14 6] [29 23] [30 2] [18 23] [25 15] [17 26] [32 11] [34 31]
 367 [22 10] [11 25] [20 31] [17 7] [30 2] [35 18] [28 2] [27 30] [26 24] [17 20] [32 1] [20 30] [32 29] [22 11] [19 3] [19 8] [14 15] [28 10] [32 16] [20 35]
 369 [23 29] [27 39] [34 25] [23 14] [33 5] [31 31] [28 28] [21 36] [23 37] [18 17] [34 23] [26 22] [23 17] [28 35] [24 32] [34 15] [16 20] [21 19] [29 29] [25 16]
 368 [21 32] [25 0] [27 35] [33 6] [20 2] [27 39] [21 18] [29 5] [30 27] [20 15] [28 24] [24 22] [20 19] [15 22] [30 28] [29 34] [22 36] [17 19] [16 23] [24 31]
 372 [26 32] [20 2] [23 13] [24 33] [21 29] [26 39] [21 5] [23 22] [29 11] [24 32] [23 39] [19 0] [21 22] [20 4] [15 31] [13 4] [20 14] [28 9] [15 27] [27 32]
 371 [21 34] [24 4] [22 7] [18 36] [14 39] [32 9] [19 3] [15 20] [26 37] [17 20] [14 15] [21 2] [16 4] [20 27] [25 39] [25 34] [29 10] [19 37] [26 34] [23 9]
 370 [26 5] [21 29] [24 39] [16 8] [14 4] [35 21] [22 9] [16 6] [19 9] [26 11] [27 34] [22 6] [14 35] [26 3] [18 0] [29 26] [24 30] [15 25] [19 21] [20 0]
 373 [26 38] [34 4] [14 33] [21 32] [18 29] [20 8] [27 39] [15 8] [29 12] [22 2] [17 25] [29 0] [27 1] [22 22] [15 9] [29 8] [23 30] [26 4] [21 28] [23 24]
 374 [36 5] [27 7] [32 17] [27 37] [32 19] [21 9] [27 8] [16 28] [21 12] [13 1] [20 38] [24 5] [38 7] [17 38] [28 29] [26 3] [24 16] [23 6] [24 38] [14 28]
 376 [27 35] [27 25] [22 24] [28 33] [28 18] [23 21] [28 37] [26 26] [18 16] [21 21] [25 4] [22 18] [18 35] [29 30] [29 24] [28 13] [27 4] [21 31] [28 32] [18 1]
 375 [12 2] [18 2] [21 12] [19 13] [20 14] [35 5] [24 30] [21 23] [26 16] [31 4] [24 15] [23 24] [32 19] [23 34] [24 1] [15 14] [17 10] [22 23] [19 22] [17 29]
 378 [29 36] [21 16] [28 23] [29 32] [21 37] [28 11] [25 22] [19 39] [18 24] [17 28] [15 38] [29 17] [18 21] [34 20] [29 13] [26 26] [24 18] [19 17] [22 39] [27 2]
 377 [23 24] [21 2] [28 1] [24 6] [26 7] [29 34] [12 31] [26 8] [24 17] [27 26] [16 15] [27 16] [31 3] [35 6] [14 17] [21 23] [13 31] [27 6] [25 35] [16 26]
 379 [22 34] [28 6] [25 23] [27 8] [39 13] [27 5] [17 11] [13 4] [28 2] [25 26] [25 0] [29 1] [31 12] [18 26] [22 32] [28 30] [24 9] [23 24] [29 5] [27 32]
 380 [28 38] [25 34] [14 30] [22 1] [22 37] [27 15] [26 31] [27 36] [28 37] [21 23] [18 1] [29 6] [26 16] [18 21] [22 36] [20 35] [20 18] [15 28] [16 38] [34 7]
 381 [36 7] [20 13] [16 7] [24 12] [26 10] [21 9] [24 4] [28 18] [17 24] [12 23] [18 35] [23 16] [21 18] [31 20] [23 8] [21 4] [14 26] [19 38] [24 9] [17 38]
 382 [19 24] [28 3] [12 5] [19 2] [14 22] [21 7] [24 2] [25 1] [20 15] [27 1] [20 3] [19 25] [37 10] [12 1] [14 7] [17 27] [29 6] [12 34] [26 5] [15 26]
 383 [15 21] [18 30] [24 4] [35 9] [35 8] [33 11] [14 0] [21 4] [27 8] [17 35] [16 34] [24 9] [18 20] [31 15] [31 10] [17 8] [17 39] [30 15] [31 12] [19 17]
 384 [25 8] [17 33] [14 21] [15 18] [31 13] [17 29] [30 7] [27 15] [25 2] [16 8] [16 33] [23 13] [15 9] [26 13] [34 11] [32 7] [27 8] [31 9] [15 10] [18 26]
 385 [17 7] [25 13] [29 9] [26 6] [28 8] [23 9] [18 10] [26 14] [34 20] [14 29] [22 13] [15 23] [14 13] [19 27] [25 11] [19 13] [24 17] [20 20] [19 30] [30 10]
 386 [38 6] [26 5] [20 14] [19 3] [17 2] [26 3] [23 8] [24 4] [18 25] [18 3] [23 3] [26 13] [18 15] [13 36] [12 11] [26 1] [13 33] [25 15] [38 15] [30 9]
 387 [27 15] [14 15] [15 10] [21 5] [17 34] [20 2] [16 35] [26 14] [18 8] [27 10] [20 11] [20 12] [17 28] [22 16] [11 13] [22 13] [26 8] [31 7] [31 16] [24 6]
 389 [26 8] [15 32] [15 26] [25 20] [23 17] [33 19] [25 12] [16 21] [21 14] [18 28] [29 17] [16 30] [24 20] [34 7] [30 14] [26 17] [28 9] [17 21] [16 8] [14 25]
 388 [25 1] [22 3] [18 26] [18 0] [16 24] [21 5] [13 33] [30 18] [32 7] [18 21] [17 0] [26 17] [19 20] [31 4] [35 15] [19 18] [18 7] [19 1] [26 5] [21 6]
 391 [21 18] [27 12] [25 10] [27 20] [23 10] [24 20] [26 13] [34 12] [18 4] [21 14] [26 11] [30 10] [33 5] [24 14] [34 16] [27 7] [24 4] [28 18] [27 19] [29 12]
 390 [18 4] [30 5] [17 4] [26 8] [24 3] [22 9] [29 2] [24 7] [27 20] [33 3] [29 12] [30 3] [18 27] [20 2] [18 1] [20 6] [18 30] [23 12] [13 14] [19 11]
 392 [19 10] [16 4] [24 1] [26 9] [25 9] [23 7] [26 3] [26 4] [26 19] [13 15] [31 8] [31 2] [22 1] [33 9] [24 11] [26 5] [23 5] [25 8] [33 3] [23 1]
 393 [22 11] [14 6] [26 6] [25 9] [17 15] [30 7] [20 15] [34 17] [27 17] [19 10] [29 14] [31 9] [17 16] [23 16] [23 18] [32 20] [27 16] [22 16] [20 14] [28 14]
 394 [29 19] [30 12] [23 9] [20 15] [16 14] [24 20] [20 14] [20 16] [26 17] [23 12] [35 16] [35 20] [32 6] [33 15] [14 5] [24 15] [21 16] [32 16] [15 3] [23 17]
 397 [21 14] [27 19] [33 7] [30 9] [28 10] [26 18] [13 13] [23 17] [31 6] [25 19] [33 10] [17 14] [24 19] [23 12] [26 10] [20 6] [22 6] [19 4] [20 8] [20 19]
 396 [27 19] [26 5] [23 5] [35 0] [24 4] [19 11] [23 3] [22 10] [28 3] [20 20] [26 11] [22 8] [32 9] [23 6] [34 6] [19 2] [30 0] [22 2] [11 17] [25 5]
 395 [24 6] [17 8] [17 9] [22 9] [31 13] [28 9] [24 18] [23 8] [25 5] [21 12] [29 12] [27 19] [33 20] [21 9] [26 4] [26 13] [29 15] [26 8] [29 16] [32 15]
 399 [26 10] [25 4] [34 7] [29 20] [26 13] [35 15] [20 10] [28 20] [19 14] [27 15] [29 17] [34 5] [31 12] [28 9] [16 7] [31 17] [23 6] [34 19] [35 10] [22 16]
 398 [22 3] [28 2] [26 12] [24 8] [29 16] [25 10] [25 12] [22 2] [18 3] [30 9] [30 16] [22 12] [39 2] [29 8] [13 14] [24 4] [27 1] [31 1] [28 13] [14 1]
 400 [23 9] [20 19] [32 5] [19 10] [15 4] [30 2] [25 8] [20 2] [35 20] [25 4] [26 20] [28 9] [33 10] [29 4] [23 20] [26 0] [28 4] [29 10] [32 2] [19 9]
 401
 402
 404
 405
 403
 406
 407
 408
 409
 410
 412
 411
 413
 414
 415
 416
 417
 419
 420
 421
 418
 422
 423
 424
 425
 426
 427
 429
 428
 430
 431
 432
 433
 434
 435
 437
 436
 438
 441 [16 32] [38 9] [23 14] [20 20] [15 22]
 439
 442 [38 11] [26 10] [25 8] [16 9] [17 17]
 440
 443 [24 32] [30 20] [32 12] [13 1] [21 11]
 444 [30 2] [13 18] [33 14] [33 9] [21 33]
 445 [30 27] [21 24] [12 35] [28 30] [21 1]
 446 [17 20] [24 24] [24 34] [26 29] [29 37]
 448 [20 35] [23 8] [24 30] [33 2] [23 22]
 447 [26 0] [19 25] [33 19] [27 8] [20 8]
 449 [29 26] [21 27] [31 17] [24 3] [27 30]
 450 [31 9] [16 13] [29 25] [22 39] [23 17]
 451 [26 6] [22 14] [26 25] [22 22] [26 22]
 452 [27 13] [30 14] [25 17] [19 16] [29 5]
 453 [13 9] [19 8] [26 17] [17 27] [21 18]
 455 [26 25] [33 17] [18 32] [21 32] [17 13]
 454 [28 39] [15 8] [24 5] [25 10] [28 36]
 457 [23 28] [33 4] [22 16] [24 3] [35 17]
 456 [22 38] [20 1] [21 6] [36 2] [20 19]
 458 [32 18] [35 17] [27 10] [33 18] [25 37]
 459 [23 13] [29 20] [13 19] [25 30] [32 11]
 462 [31 19] [14 30] [21 17] [20 11] [33 6]
 460 [14 38] [21 16] [31 18] [25 15] [32 8]
 461 [32 19] [15 10] [19 32] [27 15] [24 4]
 463 [26 13] [12 32] [28 15] [20 3] [29 4]
 464 [17 2] [31 17] [21 7] [15 4] [18 32]
 465 [29 16] [23 18] [31 3] [25 6] [12 16]
 466 [27 5] [19 35] [23 14] [21 6] [27 6]
 467 [21 16] [18 14] [31 14] [34 12] [29 3]
 471 [27 12] [26 19] [30 16] [19 9] [25 6]
 468 [20 10] [37 5] [18 26] [19 3] [25 5]
 470 [29 11] [26 11] [28 16] [25 18] [32 6]
 469 [28 15] [22 15] [18 5] [16 25] [25 0]
 472 [21 11] [21 6] [38 12] [25 19] [23 2]
 474 [38 16] [19 14] [24 3] [37 11] [28 17]
 473 [15 6] [22 7] [36 2] [23 13] [15 15]
 475 [27 0] [15 2] [13 12] [20 17] [31 10]
 478 [27 2] [23 6] [38 13] [21 15] [25 0]
 477 [17 12] [36 3] [29 1] [24 16] [24 4]
 479 [35 8] [19 5] [26 12] [16 6] [15 18]
 476 [33 14] [22 9] [34 5] [14 5] [24 14]
 480 [21 0] [34 12] [16 5] [17 0] [31 3]
 482 [31 23] [23 21] [28 12] [16 35] [25 24] [33 14] [20 28] [26 26] [18 6] [33 4]
 481 [21 32] [33 6] [28 7] [30 0] [29 30] [23 14] [25 37] [31 25] [26 10] [18 12]
 486 [26 18] [17 3] [37 5] [23 6] [23 25] [23 16] [30 37] [21 33] [22 10] [24 39]
 483 [30 0] [21 23] [34 5] [29 3] [29 7] [19 22] [33 4] [36 35] [26 35] [19 27]
 485 [35 12] [25 4] [30 6] [21 21] [24 17] [17 14] [36 14] [30 8] [36 16] [23 13]
 484 [28 10] [18 17] [37 2] [31 36] [33 36] [34 26] [29 31] [15 6] [24 8] [27 14]
 487 [26 9] [24 27] [14 27] [29 11] [25 3] [20 13] [26 35] [16 38] [22 39] [31 9]
 488 [24 35] [24 28] [22 30] [20 35] [26 11] [24 25] [26 10] [27 24] [21 7] [33 34]
 491 [20 13] [28 14] [24 16] [35 1] [21 13] [29 38] [26 23] [19 36] [18 25] [23 0]
 489 [23 6] [32 6] [18 29] [22 38] [30 1] [31 23] [28 27] [18 25] [23 15] [24 23]
 492 [23 31] [18 8] [29 7] [24 1] [28 25] [35 9] [25 3] [34 7] [29 22] [28 13]
 490 [29 2] [36 10] [23 16] [21 8] [26 34] [35 19] [26 37] [24 13] [17 9] [30 23]
 494 [13 15] [29 29] [29 15] [27 19] [20 29] [29 13] [24 7] [15 30] [24 9] [26 26]
 493 [29 19] [20 0] [30 5] [22 35] [18 12] [20 26] [19 31] [16 27] [19 25] [14 13]
 495 [24 39] [21 11] [24 23] [25 21] [25 38] [22 6] [18 22] [22 9] [19 22] [30 2]
 496 [23 6] [22 36] [26 25] [18 18] [26 22] [28 6] [29 27] [25 1] [23 19] [28 38]
 498 [23 28] [36 5] [23 23] [16 21] [22 34] [19 29] [21 14] [16 5] [27 24] [36 16]
 497 [16 17] [16 15] [20 12] [26 36] [21 32] [25 1] [26 6] [25 28] [22 27] [16 7]
 500 [30 13] [21 14] [26 4] [22 15] [27 9] [24 7] [15 15] [22 36] [28 36] [24 16]
 499 [23 7] [19 21] [39 7] [20 5] [28 35] [20 29] [25 10] [19 8] [24 2] [26 29]
 502 [35 16] [17 30] [27 20] [30 13] [26 7] [13 23] [25 18] [27 15] [32 8] [31 15]
 503 [28 18] [14 22] [31 17] [23 16] [34 4] [17 23] [35 11] [32 20] [21 19] [17 11]
 501 [22 2] [34 19] [28 2] [14 22] [17 7] [26 12] [26 6] [26 13] [21 5] [23 7]
 505 [23 7] [12 34] [18 29] [23 20] [15 11] [24 17] [30 10] [34 6] [34 7] [23 18]
 504 [31 6] [30 7] [17 10] [21 4] [20 3] [34 19] [13 39] [33 4] [26 19] [29 7]
 506 [21 14] [14 17] [11 11] [31 2] [17 0] [36 14] [19 11] [17 18] [26 15] [30 5]
 507 [27 9] [18 22] [28 8] [21 0] [28 12] [29 16] [16 25] [33 15] [23 1] [18 39]
 508 [26 5] [23 0] [17 37] [26 19] [15 18] [31 17] [24 14] [18 39] [13 20] [26 13]
 509 [24 4] [19 11] [33 13] [16 1] [29 13] [18 14] [34 6] [14 15] [27 0] [28 0]
 511 [38 1] [26 13] [21 1] [18 18] [23 15] [22 3] [29 3] [21 15] [20 15] [21 3]
 510 [24 20] [31 10] [27 1] [25 12] [14 11] [31 0] [24 11] [18 13] [18 25] [25 1]
 512 [23 12] [19 7] [21 5] [13 19] [23 19] [31 8] [24 19] [31 1] [30 2] [31 3]
 513 [28 13] [31 19] [34 0] [23 5] [33 5] [31 15] [30 13] [29 16] [22 2] [32 1]
 514 [18 19] [14 5] [35 10] [21 8] [21 11] [28 2] [24 20] [25 19] [18 6] [12 20]
 516 [24 4] [27 9] [31 7] [28 7] [23 6] [35 15] [27 20] [32 0] [28 9] [15 5]
 515 [36 4] [17 3] [21 2] [26 12] [18 0] [16 8] [31 14] [15 17] [17 7] [32 8]
 517 [22 19] [27 14] [21 2] [26 6] [23 16] [28 18] [30 5] [22 20] [18 18] [22 14]
 518 [33 8] [27 0] [25 10] [23 15] [28 1] [27 16] [20 5] [34 13] [30 9] [27 6]
 519 [27 0] [34 6] [25 9] [33 4] [33 8] [30 9] [21 12] [26 11] [30 4] [30 1]
 521 [21 27] [18 8] [33 26] [20 3] [30 18] [23 16] [28 38] [21 34] [14 22] [20 13] [29 26] [23 33] [14 5] [30 30] [23 8]
 522 [33 31] [18 39] [19 14] [24 22] [27 22] [20 1] [33 21] [20 10] [20 13] [21 16] [23 3] [23 26] [23 37] [21 12] [21 8]
 520 [17 15] [20 10] [18 13] [25 2] [29 13] [23 18] [25 18] [32 13] [28 16] [35 15]
 525 [28 11] [15 37] [27 29] [27 27] [20 29] [35 5] [31 0] [30 6] [19 29] [30 22] [19 18] [25 39] [24 39] [19 22] [25 34]
 523 [27 5] [17 5] [29 25] [19 36] [33 5] [24 29] [24 12] [13 32] [25 30] [30 1] [19 21] [26 8] [15 20] [14 11] [26 35]
 524 [26 23] [30 12] [28 7] [22 37] [21 10] [29 27] [27 25] [27 12] [25 10] [24 29] [30 29] [14 11] [33 25] [26 9] [25 39]
 526 [33 23] [22 39] [18 22] [25 1] [27 18] [37 35] [25 20] [34 33] [24 9] [35 13] [17 38] [32 1] [29 10] [30 4] [26 0]
 527 [38 14] [28 0] [19 17] [36 25] [36 28] [21 4] [27 36] [27 20] [24 22] [24 6] [18 30] [32 39] [17 5] [19 8] [32 27]
 528 [22 31] [17 39] [21 31] [28 38] [27 19] [30 15] [28 35] [23 37] [22 21] [17 12] [20 38] [26 6] [17 28] [15 2] [27 16]
 529 [25 32] [30 15] [32 1] [28 38] [37 34] [29 32] [23 8] [24 15] [29 20] [25 38] [15 1] [14 14] [21 35] [24 24] [12 0]
 531 [33 17] [32 19] [19 11] [24 14] [27 22] [23 0] [25 11] [22 38] [24 4] [19 30] [28 2] [22 23] [18 12] [25 27] [25 9]
 532 [21 14] [28 32] [24 3] [28 14] [13 3] [28 33] [29 30] [18 1] [27 36] [33 2] [21 19] [22 36] [23 7] [20 26] [27 3]
 530 [27 4] [25 22] [15 9] [22 33] [26 18] [17 31] [31 21] [33 38] [24 4] [28 25] [37 13] [27 29] [26 26] [28 4] [29 35]
 533 [28 15] [24 15] [20 7] [21 28] [17 25] [27 11] [27 23] [26 21] [17 27] [29 39] [29 16] [28 26] [25 22] [30 7] [28 31]
 535 [26 29] [16 24] [12 5] [21 16] [27 2] [33 16] [18 0] [36 6] [26 13] [22 25] [19 37] [21 11] [18 13] [15 23] [25 12]
 534 [19 1] [27 21] [19 6] [26 1] [19 17] [17 15] [27 37] [34 6] [27 23] [23 0] [15 3] [31 17] [15 7] [19 21] [26 17]
 536 [15 6] [28 35] [22 21] [22 27] [32 4] [21 33] [13 33] [24 21] [17 13] [26 31] [34 5] [13 35] [19 21] [18 5] [25 0]
 537 [26 26] [21 10] [21 27] [32 9] [28 7] [24 25] [22 18] [13 29] [27 39] [28 0] [26 24] [18 7] [27 23] [23 21] [28 23]
 538 [25 17] [14 23] [29 17] [25 34] [29 6] [24 21] [21 1] [31 5] [15 15] [16 29] [21 35] [25 21] [23 31] [27 23] [20 26]
 540 [17 7] [23 30] [27 26] [26 10] [28 24] [23 6] [27 33] [27 37] [25 7] [15 8] [22 5] [35 16] [26 4] [21 28] [30 14]
 539 [20 38] [22 7] [25 36] [25 33] [20 32] [31 10] [19 18] [22 14] [15 15] [20 10] [27 8] [30 12] [22 29] [29 0] [20 9]
 541 [15 30] [16 27] [29 5] [24 14] [18 28] [15 16] [22 11] [32 11] [15 17] [29 12] [18 1] [24 17] [30 12] [35 7] [28 15]
 543 [19 33] [38 15] [17 3] [16 18] [35 4] [17 23] [20 3] [12 5] [14 26] [18 29] [17 13] [24 13] [21 2] [27 12] [19 18]
 542 [13 29] [25 9] [26 4] [26 5] [19 15] [25 14] [28 8] [19 4] [26 11] [14 36] [30 12] [19 10] [26 15] [24 4] [32 0]
 544 [20 6] [18 34] [31 11] [30 17] [16 37] [17 32] [23 11] [29 18] [17 22] [34 4] [32 13] [26 11] [31 16] [15 33] [30 8]
 545 [24 3] [20 20] [26 0] [35 10] [22 12] [17 1] [26 5] [27 5] [16 38] [33 13] [24 5] [30 17] [17 8] [16 27] [33 15]
 546 [22 18] [25 9] [16 6] [20 15] [16 35] [24 7] [27 17] [32 8] [23 18] [23 17] [12 24] [19 15] [19 12] [18 34] [26 7]
 547 [17 32] [14 27] [18 36] [34 10] [19 8] [23 20] [17 17] [30 18] [22 6] [18 5] [19 25] [16 36] [26 18] [24 4] [25 5]
 548 [27 13] [22 12] [19 15] [15 1] [18 27] [23 14] [19 38] [16 27] [26 5] [29 10] [18 25] [13 16] [24 1] [16 25] [18 10]
 549 [21 8] [31 2] [29 15] [18 0] [30 14] [26 3] [20 4] [24 8] [18 5] [22 5] [29 13] [21 3] [24 12] [17 7] [26 10]
 551 [22 8] [22 9] [34 16] [31 6] [20 6] [22 15] [25 10] [26 12] [28 5] [24 9] [27 2] [36 2] [20 3] [29 1] [26 0]
 550 [31 7] [27 18] [25 11] [19 27] [18 24] [18 23] [25 8] [20 9] [29 18] [22 0] [30 20] [26 18] [19 8] [28 17] [23 13]
 552 [30 5] [21 9] [38 0] [29 1] [24 7] [22 1] [19 12] [24 5] [34 15] [32 9] [19 10] [19 5] [18 15] [33 3] [33 13]
 553 [20 3] [15 8] [26 1] [28 20] [35 18] [29 18] [20 1] [34 4] [27 7] [19 20] [16 6] [21 19] [22 4] [27 16] [23 18]
 554 [29 16] [26 14] [30 17] [19 0] [33 10] [16 1] [28 11] [28 1] [13 2] [21 10] [27 0] [25 20] [20 20] [27 20] [23 9]
 555 [30 7] [33 5] [34 14] [18 19] [27 0] [25 18] [24 1] [17 1] [24 9] [23 5] [31 7] [30 9] [33 3] [23 2] [23 20]
 556 [24 6] [29 1] [21 2] [33 13] [28 8] [14 8] [32 0] [28 12] [27 1] [30 7] [23 11] [20 5] [21 9] [14 1] [28 2]
 558 [19 10] [32 14] [12 3] [16 6] [32 0] [24 6] [19 3] [14 6] [20 13] [29 13] [26 10] [20 0] [18 9] [24 1] [23 11]
 559 [21 7] [15 20] [21 1] [23 14] [35 7] [14 12] [26 8] [19 7] [20 2] [36 4] [19 12] [16 10] [27 12] [26 2] [25 10]
 561 [25 2] [14 24] [37 8] [16 36] [30 19] [34 20] [25 11] [21 26] [16 28] [23 8] [27 15] [11 9] [17 37] [27 25] [22 12] [28 5] [23 23] [15 13] [14 11] [25 34]
 557 [15 8] [36 12] [33 4] [25 3] [28 17] [13 5] [27 16] [22 20] [37 13] [11 2] [29 1] [26 5] [28 3] [21 0] [31 1]
 560 [32 6] [16 7] [13 16] [32 15] [28 6] [29 18] [34 3] [22 6] [20 18] [15 19] [27 20] [21 5] [24 18] [32 1] [30 2]
 562 [21 0] [18 29] [14 7] [19 2] [20 27] [24 25] [28 3] [29 22] [34 18] [27 35] [32 26] [19 20] [28 39] [33 34] [12 28] [23 33] [18 22] [30 17] [29 39] [29 36]
 563 [19 12] [27 19] [31 39] [36 13] [23 27] [21 27] [26 19] [26 25] [27 24] [24 37] [25 3] [14 39] [32 3] [31 25] [24 18] [22 18] [30 22] [16 26] [20 17] [20 29]
 564 [22 30] [20 11] [29 21] [17 3] [19 39] [32 4] [14 29] [29 10] [16 32] [25 31] [34 4] [37 33] [32 25] [19 29] [18 37] [25 16] [34 21] [25 30] [33 10] [19 34]
 565 [33 21] [29 11] [31 5] [17 14] [11 9] [22 32] [31 32] [17 37] [26 31] [35 7] [29 33] [31 1] [21 20] [32 22] [26 22] [18 5] [11 21] [35 6] [26 33] [31 4]
 566 [24 19] [28 26] [15 38] [18 28] [29 23] [18 15] [24 9] [25 25] [27 22] [18 37] [33 6] [26 18] [15 7] [23 24] [30 10] [35 9] [23 18] [29 32] [29 10] [35 20]
 567 [36 12] [26 27] [23 30] [29 39] [26 33] [19 17] [17 33] [21 2] [23 33] [18 22] [21 29] [21 26] [25 34] [27 12] [31 39] [39 31] [30 31] [25 14] [25 2] [17 30]
 569 [35 34] [13 17] [25 20] [24 24] [23 0] [27 16] [27 23] [28 6] [26 1] [24 3] [22 7] [29 1] [18 5] [20 21] [34 30] [19 36] [21 22] [30 2] [21 10] [16 39]
 568 [19 22] [12 39] [30 19] [21 25] [23 39] [15 20] [18 1] [24 8] [18 7] [35 22] [33 34] [33 17] [24 4] [26 34] [14 26] [23 24] [14 34] [24 23] [26 18] [25 37]
 572 [20 19] [29 27] [26 17] [23 19] [16 1] [21 13] [19 29] [25 13] [26 10] [14 13] [30 5] [14 34] [24 7] [23 10] [28 21] [24 10] [22 19] [25 8] [22 25] [16 31]
 570 [17 8] [16 36] [30 9] [34 3] [25 36] [16 37] [31 26] [17 19] [25 13] [22 25] [34 37] [33 16] [24 26] [14 2] [32 25] [30 13] [37 39] [25 34] [16 3] [26 24]
 571 [35 0] [29 11] [20 27] [15 12] [14 34] [30 11] [23 25] [23 13] [18 0] [27 28] [22 2] [20 2] [12 17] [23 4] [21 0] [17 34] [21 3] [21 14] [28 22] [26 37]
 574 [23 12] [15 38] [34 7] [26 24] [23 39] [29 35] [28 38] [29 29] [27 39] [25 32] [26 28] [24 2] [32 18] [14 38] [21 3] [29 32] [13 4] [20 7] [29 26] [16 20]
 575 [16 28] [16 3] [29 1] [21 38] [14 18] [25 22] [20 36] [32 1] [22 1] [24 13] [29 37] [26 3] [19 22] [15 20] [14 25] [15 6] [22 11] [22 0] [26 14] [21 23]
 576 [29 5] [32 12] [15 3] [27 1] [16 13] [20 21] [22 24] [19 30] [20 31] [24 18] [29 32] [21 29] [25 1] [13 3] [22 1] [22 34] [27 8] [23 26] [27 31] [29 35]
 573 [13 13] [22 22] [25 5] [22 6] [25 35] [24 11] [13 25] [25 11] [23 22] [19 2] [20 24] [16 39] [33 7] [30 8] [27 11] [18 1] [21 7] [29 6] [29 7] [23 2]
 577 [21 22] [28 28] [28 29] [24 27] [11 34] [16 37] [22 0] [11 12] [32 18] [26 28] [14 25] [20 16] [28 37] [23 7] [26 27] [20 37] [29 21] [27 4] [37 2] [23 8]
 579 [26 38] [20 8] [17 30] [24 21] [24 30] [20 7] [16 19] [29 16] [24 19] [12 4] [23 11] [22 36] [25 38] [16 21] [31 12] [25 39] [18 3] [24 16] [21 19] [21 7]
 578 [13 30] [21 35] [18 1] [27 38] [29 1] [31 10] [28 21] [25 20] [23 36] [25 0] [20 35] [32 20] [27 35] [27 2] [35 9] [13 21] [17 7] [27 8] [19 36] [17 5]
 580 [17 16] [29 14] [27 12] [29 28] [18 36] [25 13] [12 18] [17 27] [25 39] [36 12] [22 39] [15 20] [17 25] [24 33] [13 26] [31 10] [27 37] [27 33] [28 16] [20 25]
 581 [20 1] [30 11] [35 3] [17 30] [23 15] [18 1] [23 2] [23 12] [35 0] [26 4] [22 2] [20 14] [30 16] [21 10] [21 6] [26 5] [22 1] [21 1] [29 1] [17 32]
 582 [15 32] [23 20] [27 19] [25 19] [27 15] [17 6] [25 16] [33 5] [23 3] [28 20] [16 39] [14 10] [25 3] [28 11] [19 1] [17 31] [20 3] [18 35] [25 13] [18 1]
 583 [28 12] [25 20] [22 20] [29 11] [23 6] [26 10] [16 13] [21 5] [20 19] [15 24] [18 36] [23 15] [24 17] [18 32] [37 11] [21 13] [28 6] [17 31] [24 14] [16 26]
 584 [18 26] [19 35] [16 24] [28 2] [29 8] [15 16] [14 15] [32 2] [32 5] [24 19] [23 16] [34 10] [34 16] [23 3] [15 11] [29 6] [30 4] [32 10] [18 15] [24 0]
 586 [24 7] [31 18] [26 12] [31 13] [13 9] [26 16] [19 19] [16 25] [19 39] [17 36] [33 14] [24 13] [27 18] [26 17] [18 17] [33 8] [22 14] [35 18] [12 34] [25 14]
 587 [18 37] [23 12] [19 34] [28 11] [20 4] [25 9] [37 3] [17 24] [24 13] [13 36] [28 16] [17 30] [22 9] [19 14] [31 9] [30 5] [20 9] [19 10] [15 15] [16 28]
 585 [23 3] [22 3] [27 13] [35 4] [16 5] [32 11] [30 6] [24 16] [25 12] [35 13] [14 22] [26 3] [21 3] [17 28] [14 38] [34 11] [32 2] [18 7] [23 10] [18 1]
 588 [20 15] [18 5] [18 33] [25 3] [23 15] [21 8] [19 37] [24 0] [17 33] [16 14] [24 4] [31 1] [18 34] [27 6] [19 0] [23 5] [25 8] [11 28] [17 7] [27 5]
 589 [17 5] [24 12] [24 17] [21 6] [19 37] [17 26] [19 18] [26 4] [17 18] [27 10] [11 34] [18 35] [26 6] [24 4] [18 11] [26 12] [19 32] [16 9] [23 7] [27 17]
 591 [33 11] [19 9] [27 20] [23 11] [25 14] [26 14] [28 19] [24 14] [27 18] [27 7] [18 18] [22 16] [21 12] [25 17] [20 14] [15 20] [27 5] [23 4] [24 5] [18 20]
 590 [27 7] [14 37] [16 37] [19 16] [19 20] [26 9] [16 7] [12 25] [22 10] [34 14] [19 12] [16 39] [17 15] [25 6] [23 14] [31 11] [20 19] [17 23] [19 38] [25 16]
 592 [18 11] [27 15] [22 10] [31 13] [20 16] [21 17] [35 0] [35 19] [26 12] [30 0] [22 14] [31 17] [25 13] [33 14] [22 0] [29 20] [37 2] [28 18] [17 11] [28 2]
 593 [23 15] [30 14] [27 11] [23 3] [21 15] [25 16] [28 20] [26 19] [27 0] [22 3] [24 1] [33 18] [24 20] [33 9] [22 16] [27 13] [31 18] [35 18] [13 12] [17 2]
 594 [27 6] [27 16] [34 15] [29 10] [26 17] [26 5] [16 15] [33 13] [13 9] [32 6] [25 15] [31 5] [28 12] [30 17] [27 11] [22 19] [13 0] [31 19] [28 18] [25 18]
 595 [16 16] [15 7] [27 12] [24 12] [21 14] [25 8] [29 7] [29 4] [15 14] [27 5] [22 16] [24 7] [22 11] [29 18] [22 4] [30 19] [23 14] [17 8] [22 15] [31 13]
 596 [37 2] [15 1] [26 8] [27 2] [23 1] [23 20] [28 3] [26 16] [20 7] [31 3] [22 4] [21 2] [25 7] [20 3] [25 17] [35 5] [32 19] [19 5] [16 18] [23 4]
 597 [26 4] [24 8] [26 18] [29 19] [27 19] [34 1] [21 15] [35 16] [30 16] [33 13] [21 16] [20 9] [28 15] [24 5] [24 9] [25 12] [20 20] [22 20] [21 5] [24 14]
 598 [35 15] [26 1] [26 6] [30 4] [22 3] [22 12] [27 6] [25 3] [22 1] [24 1] [14 1] [27 10] [21 3] [27 14] [16 1] [24 9] [24 3] [35 5] [17 6] [14 4]
 599 [29 3] [21 19] [25 16] [23 15] [26 19] [32 1] [14 19] [32 5] [31 1] [15 2] [25 15] [26 16] [13 17] [17 13] [31 4] [23 3] [22 1] [23 1] [39 14] [15 14]
 600 [26 9] [17 9] [30 6] [33 20] [25 17] [31 4] [22 11] [24 16] [24 5] [31 9] [29 16] [30 17] [33 4] [24 4] [22 5] [20 14] [25 8] [34 14] [22 14] [26 18]
 601
 602
 604
 603
 605
 606
 607
 608
 609
 610
 611
 613
 612
 614
 615
 616
 617
 618
 619
 620
 622
 621
 623
 624
 625
 626
 627
 628
 629
 630
 631
 632
 633
 634
 635
 636
 637
 638
 639
 640
 641 [17 18] [22 18] [29 14] [32 17] [30 15]
 643 [25 3] [31 14] [27 35] [15 1] [22 27]
 642 [16 34] [19 10] [28 9] [30 4] [15 32]
 644 [24 14] [28 10] [33 33] [20 3] [14 22]
 645 [16 39] [27 20] [25 31] [21 11] [24 27]
 647 [25 8] [24 36] [20 17] [21 12] [18 30]
 646 [26 7] [24 11] [22 29] [29 33] [27 1]
 648 [29 27] [33 12] [27 7] [28 10] [21 31]
 649 [20 11] [22 35] [26 24] [21 22] [26 35]
 650 [15 21] [28 4] [30 15] [25 35] [22 17]
 651 [25 22] [26 37] [18 7] [21 6] [20 38]
 652 [13 27] [24 4] [19 27] [20 29] [20 0]
 654 [17 32] [23 22] [33 0] [22 0] [29 30]
 655 [28 1] [25 22] [17 5] [18 29] [29 38]
 653 [28 14] [30 20] [28 18] [17 36] [21 33]
 656 [21 39] [14 2] [27 20] [22 20] [26 15]
 657 [28 26] [27 22] [23 3] [26 25] [13 27]
 658 [14 38] [33 18] [28 34] [18 34] [22 22]
 659 [30 4] [24 24] [24 38] [19 29] [25 15]
 660 [24 15] [26 10] [22 7] [21 31] [32 0]
 663 [19 18] [27 6] [23 13] [30 7] [15 33]
 661 [19 12] [18 11] [24 11] [12 5] [26 3]
 662 [24 19] [22 2] [16 0] [18 37] [20 19]
 664 [15 18] [29 15] [32 9] [16 39] [36 16]
 665 [20 6] [21 2] [21 18] [30 18] [24 0]
 668 [33 13] [26 17] [27 16] [28 6] [15 12]
 666 [17 27] [33 2] [17 28] [16 32] [30 11]
 667 [22 19] [26 4] [25 5] [19 12] [30 9]
 669 [11 12] [20 1] [17 21] [33 4] [15 22]
 671 [25 10] [26 14] [28 4] [21 13] [31 16]
 670 [38 1] [22 9] [18 21] [15 18] [39 5]
 672 [24 15] [24 4] [30 17] [24 16] [33 20]
 674 [28 11] [29 9] [19 2] [21 7] [35 14]
 675 [34 18] [23 9] [14 12] [15 9] [37 10]
 673 [29 3] [13 4] [26 7] [24 4] [20 13]
 676 [28 19] [28 12] [30 14] [29 7] [23 7]
 677 [27 6] [17 4] [34 10] [32 17] [30 15]
 678 [34 8] [22 7] [25 14] [33 1] [28 11]
 681 [18 3] [18 36] [30 8] [30 13] [12 6] [23 38] [26 17] [25 39] [33 21] [32 28]
 682 [27 18] [27 34] [28 14] [25 5] [31 38] [24 38] [36 5] [18 12] [31 28] [28 34]
 679 [35 6] [32 5] [15 17] [28 17] [21 20]
 680 [26 16] [33 10] [27 10] [28 9] [26 2]
 683 [25 34] [27 26] [27 37] [30 12] [18 30] [19 21] [37 29] [15 38] [26 4] [29 19]
 684 [33 6] [29 37] [29 2] [30 12] [32 32] [15 24] [27 13] [14 3] [19 3] [20 31]
 685 [24 23] [28 8] [26 10] [22 18] [24 12] [23 30] [25 36] [20 38] [27 11] [24 28]
 688 [15 33] [23 30] [29 31] [25 25] [26 5] [28 2] [32 23] [21 30] [24 0] [28 19]
 689 [32 11] [34 11] [32 38] [24 3] [25 36] [19 8] [34 33] [31 24] [30 17] [27 9]
 687 [26 25] [29 9] [28 0] [29 27] [15 2] [25 14] [19 24] [25 2] [14 10] [27 16]
 686 [32 35] [19 4] [18 31] [31 4] [20 27] [22 31] [26 15] [18 20] [34 18] [28 24]
 690 [25 37] [17 22] [18 35] [17 23] [25 13] [24 15] [23 10] [23 29] [27 23] [25 33]
 692 [29 17] [31 15] [27 25] [36 2] [26 13] [23 4] [14 21] [19 12] [12 8] [34 12]
 691 [24 20] [34 12] [19 3] [27 23] [15 6] [21 26] [23 7] [26 8] [11 39] [28 24]
 695 [34 17] [27 38] [30 2] [15 20] [28 38] [18 34] [34 15] [32 10] [24 21] [22 27]
 693 [24 30] [24 2] [23 16] [26 4] [16 4] [14 21] [24 36] [25 26] [20 31] [36 12]
 694 [23 20] [22 30] [18 0] [26 27] [25 24] [12 8] [22 18] [24 16] [29 38] [27 7]
 696 [28 26] [26 14] [27 29] [35 11] [37 0] [26 35] [33 6] [33 3] [30 19] [15 15]
 699 [26 17] [31 16] [27 36] [16 28] [23 34] [27 26] [24 26] [33 5] [28 36] [18 8]
 697 [25 18] [34 12] [25 6] [17 20] [28 12] [29 35] [22 0] [19 5] [16 6] [17 9]
 698 [24 18] [21 33] [26 19] [28 11] [13 10] [19 22] [23 28] [26 21] [27 8] [20 24]
 700 [32 6] [26 0] [21 33] [29 36] [28 32] [18 7] [28 34] [34 7] [26 33] [26 9]
 701 [12 10] [25 14] [27 16] [19 19] [24 6] [29 15] [20 20] [27 18] [18 19] [22 12]
 702 [17 0] [22 19] [29 20] [17 2] [25 18] [29 4] [21 14] [34 15] [28 18] [16 25]
 704 [13 2] [22 3] [18 23] [25 20] [19 20] [13 29] [15 26] [15 0] [36 15] [24 13]
 706 [27 14] [30 18] [12 21] [14 20] [15 11] [19 21] [16 14] [30 6] [28 17] [28 14]
 703 [19 37] [23 13] [23 10] [15 33] [23 8] [23 7] [25 1] [26 6] [17 15] [15 31]
 705 [19 30] [19 23] [19 39] [24 2] [34 19] [20 19] [21 0] [31 2] [13 18] [16 22]
 707 [27 4] [24 2] [25 18] [22 6] [17 38] [22 18] [21 18] [17 26] [17 1] [28 2]
 708 [12 26] [36 3] [18 39] [24 1] [23 4] [17 6] [18 14] [13 23] [30 15] [25 5]
 710 [14 29] [24 0] [16 38] [36 16] [27 1] [24 10] [25 1] [34 14] [23 7] [25 11]
 709 [19 9] [25 1] [26 9] [24 6] [21 6] [13 19] [22 12] [21 0] [21 3] [25 11]
 713 [23 13] [22 10] [24 16] [30 20] [30 12] [38 1] [30 15] [20 12] [23 0] [27 15]
 711 [24 13] [29 11] [17 7] [25 1] [28 2] [23 0] [36 2] [14 9] [30 3] [25 11]
 714 [34 16] [26 12] [38 13] [19 4] [16 7] [21 8] [17 2] [28 6] [18 6] [36 4]
 712 [15 14] [21 14] [15 12] [20 7] [20 5] [28 3] [27 8] [27 7] [15 4] [21 10]
 715 [23 18] [26 5] [30 20] [23 19] [33 5] [20 2] [19 2] [21 19] [25 5] [26 3]
 716 [23 15] [25 17] [24 14] [24 13] [28 15] [28 4] [33 8] [18 15] [16 10] [20 19]
 717 [11 19] [15 10] [20 11] [22 13] [16 13] [21 10] [30 18] [30 10] [21 14] [24 6]
 718 [27 20] [25 20] [30 7] [24 18] [11 13] [27 8] [39 4] [31 19] [26 14] [16 2]
 721 [26 39] [31 26] [18 36] [24 36] [30 23] [25 29] [27 35] [21 34] [22 16] [25 13] [25 2] [22 17] [17 32] [27 10] [26 27]
 723 [16 19] [21 6] [22 39] [27 34] [19 15] [13 26] [25 2] [28 33] [31 18] [38 37] [33 1] [15 20] [38 31] [22 0] [26 28]
 719 [34 10] [24 16] [32 13] [28 15] [20 11] [33 12] [22 12] [36 16] [19 5] [23 8]
 722 [27 7] [25 10] [29 6] [31 24] [24 17] [33 9] [12 10] [33 16] [25 7] [15 34] [22 34] [27 13] [30 7] [25 30] [21 5]
 724 [20 35] [17 1] [25 26] [35 13] [18 1] [25 0] [13 9] [27 18] [22 38] [26 21] [21 7] [14 18] [15 15] [26 24] [25 13]
 720 [32 6] [16 14] [19 6] [25 1] [25 3] [21 0] [21 10] [27 18] [33 17] [16 12]
 726 [33 23] [29 4] [21 17] [27 34] [25 26] [18 12] [19 35] [20 29] [29 27] [27 2] [21 25] [15 31] [17 39] [32 11] [23 28]
 725 [36 1] [39 8] [23 16] [21 20] [34 23] [23 36] [23 33] [19 8] [26 17] [23 8] [31 29] [20 37] [17 14] [19 12] [25 7]
 727 [23 32] [25 8] [21 34] [33 10] [32 6] [32 26] [28 1] [17 13] [24 24] [22 38] [34 28] [25 32] [26 29] [21 6] [22 3]
 728 [12 29] [19 13] [25 23] [24 15] [27 23] [23 33] [33 14] [28 19] [26 23] [20 32] [27 19] [27 0] [16 5] [31 14] [19 27]
 729 [20 33] [32 7] [31 10] [20 1] [14 37] [32 14] [22 33] [23 20] [17 28] [35 19] [30 28] [22 12] [17 16] [31 26] [28 7]
 730 [30 15] [25 32] [13 14] [28 37] [24 15] [25 16] [21 30] [26 22] [24 3] [26 34] [31 28] [29 28] [28 15] [28 25] [12 36]
 731 [22 36] [24 24] [27 11] [28 0] [32 5] [28 2] [14 12] [20 13] [20 9] [23 0] [24 39] [28 36] [27 0] [20 36] [24 22]
 732 [28 31] [18 35] [19 29] [37 2] [27 0] [31 15] [23 13] [25 14] [26 1] [20 2] [27 26] [28 26] [24 2] [36 16] [27 38]
 733 [25 20] [17 7] [19 27] [32 12] [34 6] [24 28] [16 13] [25 31] [19 22] [22 34] [25 14] [15 6] [25 18] [25 23] [30 9]
 734 [26 27] [20 35] [21 26] [32 1] [17 12] [34 12] [24 35] [14 6] [22 21] [17 11] [20 12] [24 24] [24 32] [23 27] [19 21]
 737 [18 17] [15 32] [29 5] [20 1] [29 29] [24 21] [21 4] [26 4] [26 25] [28 9] [28 20] [23 7] [27 27] [12 12] [29 24]
 735 [26 4] [20 32] [28 21] [23 32] [39 5] [28 17] [17 1] [19 38] [18 34] [14 24] [29 5] [19 36] [18 10] [30 1] [16 11]
 736 [24 13] [22 15] [16 38] [24 1] [23 16] [24 14] [18 31] [33 19] [18 22] [27 14] [24 3] [26 38] [14 37] [17 1] [25 16]
 738 [27 25] [28 36] [26 22] [24 38] [25 29] [26 35] [25 30] [30 18] [17 15] [28 31] [27 22] [20 7] [29 36] [28 19] [25 36]
 739 [26 9] [21 16] [28 9] [23 10] [13 22] [29 5] [20 9] [19 16] [23 3] [35 4] [31 4] [22 24] [29 16] [18 27] [21 14]
 740 [34 16] [30 5] [26 21] [28 16] [24 22] [14 25] [27 35] [27 10] [26 4] [34 4] [20 19] [17 39] [17 6] [27 31] [26 24]
 741 [23 1] [31 20] [16 16] [18 8] [20 5] [19 39] [13 9] [14 36] [30 18] [31 10] [26 20] [19 6] [15 4] [21 0] [30 2]
 742 [15 18] [15 39] [39 14] [27 14] [31 15] [20 5] [28 2] [26 8] [29 12] [25 9] [16 23] [28 15] [28 11] [16 30] [13 29]
 744 [28 18] [14 18] [17 15] [30 15] [19 22] [17 38] [30 18] [18 19] [27 20] [32 0] [25 5] [16 4] [16 30] [17 25] [16 31]
 745 [24 12] [34 20] [29 9] [21 18] [18 39] [32 19] [15 32] [20 14] [12 37] [26 20] [23 18] [23 6] [29 7] [18 24] [30 11]
 743 [21 8] [27 15] [29 6] [24 6] [27 8] [26 20] [15 19] [37 2] [11 13] [19 24] [31 10] [26 13] [20 18] [21 9] [17 24]
 747 [24 11] [25 11] [19 36] [23 13] [15 0] [18 21] [16 0] [15 10] [16 1] [15 22] [27 19] [21 13] [28 16] [19 35] [25 2]
 746 [23 12] [32 14] [13 24] [27 6] [27 4] [26 7] [22 8] [25 11] [28 7] [26 20] [31 9] [17 34] [24 18] [26 16] [12 19]
 748 [18 21] [19 21] [27 12] [30 1] [19 0] [30 7] [35 3] [14 10] [12 21] [33 16] [29 8] [19 28] [18 28] [39 3] [17 36]
 749 [27 16] [27 3] [22 0] [17 18] [18 38] [29 2] [17 36] [18 32] [20 0] [15 34] [17 25] [16 39] [15 17] [31 3] [19 35]
 750 [21 1] [30 9] [24 5] [17 35] [17 30] [28 9] [27 1] [17 20] [17 28] [23 7] [25 7] [25 11] [35 12] [18 5] [20 5]
 751 [21 10] [33 19] [13 10] [25 7] [24 0] [14 0] [23 11] [39 11] [25 10] [16 1] [25 1] [27 9] [29 0] [31 3] [19 10]
 752 [29 18] [25 19] [25 8] [28 16] [23 3] [28 18] [22 18] [39 8] [18 9] [23 19] [28 2] [27 17] [27 0] [25 1] [27 4]
 753 [30 5] [23 0] [22 3] [13 3] [30 13] [30 4] [28 0] [24 14] [16 17] [26 18] [35 4] [30 2] [35 3] [31 14] [31 5]
 756 [13 5] [29 13] [28 13] [13 20] [17 6] [31 16] [28 16] [30 12] [16 5] [18 20] [28 14] [23 11] [28 10] [17 12] [20 16]
 754 [17 1] [34 4] [24 12] [38 6] [20 9] [21 14] [19 1] [19 15] [36 1] [16 2] [22 8] [17 6] [24 5] [17 13] [26 8]
 755 [25 7] [12 16] [31 18] [21 20] [31 6] [28 8] [25 18] [28 19] [24 19] [30 13] [24 10] [29 13] [24 13] [30 12] [33 17]
 757 [35 12] [25 15] [23 14] [26 8] [28 5] [29 1] [39 3] [22 12] [23 15] [31 13] [22 3] [15 20] [28 7] [25 13] [23 6]
 758 [14 14] [24 13] [29 3] [24 19] [21 17] [30 4] [27 16] [35 5] [25 12] [32 14] [24 16] [32 19] [26 20] [21 15] [26 13]
 761 [19 26] [22 36] [33 20] [25 20] [29 19] [33 23] [19 31] [14 16] [27 19] [24 4] [26 26] [32 20] [27 2] [20 24] [15 10] [19 21] [26 9] [27 21] [33 3] [16 36]
 759 [37 0] [25 0] [23 2] [37 4] [18 11] [22 19] [18 12] [14 5] [38 3] [18 10] [15 6] [14 16] [30 18] [25 20] [17 12]
 760 [26 20] [24 19] [36 12] [13 7] [15 18] [25 20] [17 18] [20 14] [26 6] [24 16] [20 18] [36 3] [26 5] [22 12] [22 13]
 763 [12 29] [32 28] [29 22] [14 4] [26 18] [29 36] [27 25] [16 38] [17 38] [19 20] [23 7] [23 37] [23 18] [24 21] [19 4] [27 27] [20 18] [18 8] [30 37] [29 24]
 762 [12 37] [19 29] [31 23] [32 30] [34 6] [26 24] [30 18] [35 35] [27 26] [23 20] [17 18] [21 9] [19 34] [28 25] [26 17] [34 11] [13 29] [30 19] [14 9] [23 5]
 764 [35 32] [18 9] [26 6] [28 8] [22 9] [16 29] [15 33] [18 18] [19 38] [16 31] [23 15] [23 12] [24 12] [17 11] [34 35] [36 2] [37 31] [25 15] [21 29] [35 26]
 766 [16 13] [30 16] [35 16] [27 26] [22 5] [32 29] [34 34] [14 37] [26 24] [17 19] [15 27] [17 37] [29 30] [37 35] [32 28] [36 30] [22 21] [24 7] [27 21] [27 18]
 765 [26 0] [22 0] [25 13] [25 1] [25 10] [26 2] [17 17] [16 4] [29 17] [27 13] [32 19] [30 30] [22 20] [31 23] [21 24] [16 14] [31 18] [20 2] [21 31] [21 18]
 768 [33 16] [19 25] [22 18] [24 30] [34 20] [30 35] [27 28] [24 12] [30 28] [19 21] [28 35] [16 25] [19 0] [33 38] [14 22] [23 2] [23 18] [19 12] [24 20] [25 16]
 767 [34 14] [26 39] [26 25] [31 7] [29 25] [25 8] [20 21] [33 5] [23 9] [18 22] [21 24] [23 38] [16 25] [37 29] [26 11] [29 12] [19 9] [25 33] [21 5] [32 6]
 769 [26 38] [34 32] [21 18] [14 12] [29 36] [33 9] [27 14] [27 20] [34 3] [27 30] [20 39] [26 4] [26 31] [15 4] [35 30] [34 33] [27 2] [23 15] [13 29] [28 29]
 770 [27 19] [31 8] [28 2] [19 15] [23 20] [30 34] [26 20] [28 26] [26 11] [24 17] [32 35] [19 29] [20 15] [22 6] [26 2] [21 11] [26 5] [19 11] [20 19] [18 19]
 771 [32 3] [26 34] [18 34] [22 23] [17 6] [21 38] [27 38] [29 22] [23 4] [21 35] [23 36] [33 5] [23 37] [28 19] [35 9] [27 26] [14 36] [27 33] [25 35] [20 39]
 772 [18 1] [25 39] [25 20] [24 12] [29 6] [33 8] [28 8] [28 38] [16 5] [17 21] [28 0] [24 0] [35 4] [30 4] [29 11] [25 18] [25 25] [30 10] [16 13] [31 3]
 773 [18 1] [23 13] [24 34] [25 8] [29 33] [28 31] [19 23] [20 26] [25 3] [21 4] [23 38] [17 35] [24 11] [12 35] [17 6] [24 12] [19 33] [29 38] [17 15] [20 7]
 774 [19 9] [18 3] [19 17] [15 37] [15 9] [19 14] [28 31] [12 23] [24 39] [25 5] [27 6] [18 22] [28 37] [26 7] [19 11] [23 3] [25 6] [16 24] [20 1] [24 16]
 775 [18 4] [27 25] [21 17] [26 16] [25 0] [22 25] [30 10] [20 26] [32 15] [32 3] [26 25] [16 39] [14 39] [25 39] [27 38] [25 27] [25 5] [32 2] [31 10] [23 13]
 777 [25 27] [15 22] [23 34] [26 9] [24 3] [23 0] [17 34] [25 4] [17 35] [26 36] [27 14] [19 24] [21 37] [29 3] [20 29] [30 4] [31 9] [22 4] [22 14] [34 12]
 776 [19 36] [28 0] [19 29] [28 39] [25 8] [23 4] [21 36] [26 29] [25 37] [25 22] [18 5] [27 35] [33 17] [29 26] [32 0] [18 33] [24 1] [25 12] [26 0] [27 7]
 778 [26 22] [13 2] [27 37] [29 32] [28 34] [14 24] [26 28] [24 2] [16 26] [25 39] [30 9] [30 7] [21 17] [17 18] [20 36] [17 20] [27 2] [16 1] [14 4] [21 20]
 779 [25 10] [27 4] [26 34] [26 26] [25 36] [25 35] [16 26] [24 23] [15 9] [29 36] [26 12] [26 29] [20 14] [21 35] [25 11] [23 16] [28 14] [25 15] [22 29] [28 7]
 780 [17 0] [16 37] [15 14] [15 2] [20 1] [19 37] [14 32] [22 25] [14 13] [24 39] [28 4] [23 3] [24 9] [20 17] [22 18] [22 19] [20 5] [23 37] [29 22] [15 13]
 781 [21 1] [36 0] [29 18] [17 18] [35 12] [24 1] [33 1] [19 32] [25 1] [28 15] [24 20] [24 10] [12 3] [17 38] [12 24] [27 1] [19 19] [25 18] [30 14] [29 10]
 782 [28 0] [19 35] [24 0] [19 1] [22 4] [26 10] [13 1] [19 21] [27 8] [25 7] [17 4] [19 5] [35 17] [23 12] [23 6] [26 13] [22 10] [18 11] [17 9] [16 28]
 784 [23 14] [28 19] [21 19] [20 4] [22 19] [19 32] [18 17] [22 6] [21 18] [33 14] [25 12] [19 11] [25 20] [28 17] [18 5] [27 15] [16 22] [23 19] [24 15] [19 33]
 785 [15 7] [36 11] [38 16] [15 22] [22 7] [26 7] [23 14] [27 5] [25 4] [21 5] [17 7] [19 33] [16 27] [27 1] [27 0] [25 13] [22 11] [19 12] [23 9] [18 7]
 783 [27 8] [23 11] [19 28] [16 37] [28 6] [20 9] [26 2] [23 3] [30 11] [26 13] [25 13] [25 5] [24 2] [20 7] [15 5] [30 9] [16 39] [25 2] [35 9] [33 12]
 786 [17 38] [27 16] [25 17] [29 7] [22 4] [13 19] [31 6] [12 23] [32 6] [34 8] [32 20] [25 5] [17 14] [13 39] [28 2] [19 33] [25 7] [17 37] [21 15] [14 8]
 787 [23 1] [27 6] [14 30] [29 14] [33 4] [24 5] [23 12] [16 4] [20 6] [16 30] [16 12] [25 14] [29 6] [20 10] [26 15] [15 25] [28 3] [34 14] [15 26] [30 10]
 789 [19 28] [26 11] [23 17] [28 18] [33 7] [15 4] [17 15] [29 15] [25 18] [24 14] [17 37] [30 11] [25 8] [21 17] [18 12] [33 16] [25 15] [28 11] [24 9] [18 22]
 788 [27 13] [26 17] [18 32] [29 16] [34 15] [24 10] [27 16] [19 5] [25 14] [17 20] [25 11] [31 18] [34 17] [31 12] [15 31] [27 9] [29 12] [25 9] [16 17] [16 14]
 790 [24 6] [24 18] [18 15] [24 10] [28 20] [26 4] [13 4] [23 13] [15 16] [15 13] [19 11] [22 17] [24 11] [23 7] [27 17] [14 23] [18 17] [29 14] [28 14] [14 15]
 793 [18 4] [20 17] [30 15] [17 7] [24 4] [26 7] [16 6] [24 6] [20 5] [35 17] [19 12] [29 5] [20 13] [27 7] [31 4] [21 7] [32 7] [14 13] [27 18] [32 17]
 791 [28 15] [16 12] [20 11] [30 12] [30 14] [27 14] [26 19] [25 8] [26 16] [30 18] [23 11] [19 18] [24 5] [29 20] [20 13] [17 4] [31 18] [27 12] [32 5] [28 13]
 792 [21 20] [20 0] [23 6] [36 9] [28 19] [18 0] [16 20] [29 19] [26 0] [37 3] [18 3] [30 3] [30 17] [27 18] [22 1] [13 15] [23 9] [32 9] [31 19] [27 19]
 794 [25 9] [17 4] [30 7] [23 9] [29 10] [13 16] [28 4] [23 5] [34 4] [27 15] [27 3] [30 14] [21 10] [24 6] [16 4] [28 3] [20 5] [26 0] [34 0] [30 3]
 795 [34 9] [35 18] [33 17] [15 10] [34 19] [30 12] [14 18] [29 18] [19 10] [33 20] [34 4] [34 15] [31 17] [18 19] [31 14] [25 7] [27 18] [33 14] [22 9] [27 8]
 796 [29 20] [24 5] [27 2] [28 9] [16 13] [13 16] [20 15] [30 5] [29 1] [31 10] [16 4] [27 4] [18 2] [25 1] [16 11] [20 14] [21 7] [18 10] [34 3] [31 12]
 797 [25 20] [31 7] [18 15] [18 4] [29 10] [35 20] [28 11] [30 19] [27 7] [27 5] [30 13] [32 12] [24 11] [18 19] [30 14] [29 13] [33 15] [27 6] [25 14] [26 20]
 798 [25 11] [21 8] [31 15] [22 19] [19 7] [25 19] [27 10] [19 11] [20 10] [11 3] [28 9] [25 17] [31 14] [21 18] [29 14] [25 9] [21 16] [26 11] [16 11] [23 4]
 799 [17 3] [28 7] [21 5] [26 12] [34 7] [23 2] [32 3] [23 5] [14 0] [21 10] [35 2] [22 12] [34 14] [31 1] [33 3] [21 7] [25 0] [24 16] [27 11] [26 14]
 800 [17 19] [33 10] [25 13] [30 18] [29 4] [22 7] [15 20] [14 7] [22 15] [31 4] [23 17] [22 12] [18 16] [20 18] [14 15] [26 5] [33 19] [26 19] [16 12] [27 20]
