 5
 2
 3
 4
 1
 6
 8
 12 [28 7] [14 38] [30 19] [22 30] [21 38] [32 39] [30 27] [29 33] [21 5] [23 16]
 10
 9
 7
 11 [18 20] [31 11] [16 5] [29 20] [30 3] [31 33] [25 15] [25 27] [20 15] [24 36]
 13 [27 34] [33 13] [22 39] [29 26] [28 20] [26 5] [32 31] [19 4] [25 13] [31 4]
 15 [19 22] [20 10] [31 23] [26 39] [26 1] [28 6] [14 39] [26 29] [27 16] [31 31]
 14 [32 37] [24 35] [30 27] [21 11] [32 15] [14 22] [30 2] [25 27] [25 4] [20 29]
 16 [18 10] [20 24] [14 38] [27 11] [32 13] [16 18] [22 0] [22 17] [20 34] [32 4]
 17 [21 30] [30 0] [20 13] [27 14] [19 18] [32 6] [14 14] [19 0] [20 5] [32 17]
 18 [33 16] [27 14] [22 10] [27 0] [32 2] [27 6] [16 12] [15 27] [17 36] [19 18]
 19 [21 17] [20 38] [15 33] [32 4] [24 3] [19 26] [30 17] [24 12] [29 9] [19 9]
 21 [20 28] [25 15] [33 0] [18 13] [22 7] [22 1] [32 36] [31 15] [27 9] [26 29] [17 7] [33 31] [29 21] [33 5] [23 23] [33 26] [16 39] [27 0] [15 23] [27 34]
 20 [21 19] [31 10] [18 10] [17 29] [17 39] [29 0] [24 8] [23 14] [20 2] [29 18]
 22 [22 16] [33 32] [22 38] [14 31] [30 3] [21 28] [27 39] [16 38] [28 33] [26 27] [30 21] [32 39] [23 8] [16 15] [33 16] [24 21] [29 8] [15 23] [25 2] [32 26]
 23 [31 38] [15 2] [33 5] [17 31] [30 30] [23 24] [33 23] [31 17] [16 11] [24 39] [20 1] [25 34] [26 18] [33 10] [23 8] [25 29] [28 1] [18 39] [18 20] [28 11]
 24 [18 39] [17 23] [23 32] [24 19] [32 13] [24 0] [27 14] [26 6] [30 28] [23 25] [33 34] [27 37] [17 34] [32 4] [14 17] [15 2] [32 39] [31 22] [21 9] [19 15]
 25 [16 16] [22 36] [33 20] [32 30] [20 10] [16 21] [33 38] [27 37] [27 32] [22 31] [24 19] [25 5] [16 29] [21 0] [31 13] [23 26] [30 7] [26 0] [32 25] [17 34]
 27 [26 11] [15 8] [4 5] [15 19] [17 35] [22 2] [16 13] [20 29] [14 24] [27 2] [14 29] [33 8] [21 10] [19 24] [15 1] [33 1] [22 17] [33 15] [28 17] [2 21]
 26 [3 0] [15 18] [21 28] [20 20] [22 2] [8 38] [20 37] [14 25] [23 15] [15 4] [18 12] [33 0] [16 31] [7 19] [33 6] [14 38] [32 18] [31 12] [24 7] [27 2]
 28 [19 19] [19 14] [32 5] [26 0] [15 2] [20 39] [18 8] [20 1] [23 6] [33 18] [14 21] [14 15] [31 0] [14 29] [25 14] [19 25] [15 39] [15 34] [32 13] [20 33]
 29 [14 33] [29 8] [19 20] [20 31] [19 6] [24 6] [26 16] [14 7] [1 30] [14 38] [19 39] [18 26] [14 18] [30 3] [9 34] [18 12] [32 17] [18 0] [24 1] [24 11]
 30 [19 28] [29 5] [19 34] [14 29] [20 39] [24 0] [19 2] [14 6] [20 15] [18 23] [32 15] [32 10] [25 18] [14 0] [27 10] [14 35] [24 5] [29 0] [19 7] [15 16]
 31
 32
 33
 34
 35
 36
 39
 37
 41 [25 4] [19 12] [31 32] [23 34] [33 7] [15 6] [23 28] [27 15] [33 38] [17 1]
 38
 40
 42 [21 34] [28 24] [26 15] [32 12] [18 10] [20 28] [32 31] [30 2] [23 9] [30 37]
 44 [20 4] [27 31] [18 15] [26 38] [33 15] [27 16] [29 8] [27 21] [32 22] [20 29]
 43 [20 5] [27 26] [29 4] [24 32] [32 34] [19 21] [28 19] [21 12] [29 13] [16 36]
 45 [14 33] [33 22] [31 33] [29 7] [26 24] [32 0] [24 7] [26 17] [22 1] [20 34]
 47 [21 24] [25 14] [25 7] [17 16] [31 16] [20 10] [18 5] [33 6] [21 35] [25 0]
 46 [21 23] [31 0] [15 25] [33 17] [33 6] [20 14] [17 2] [15 20] [27 7] [32 11]
 48 [31 12] [21 12] [20 20] [16 37] [19 28] [26 13] [32 17] [21 38] [30 4] [21 3]
 49 [20 23] [19 29] [33 12] [27 6] [19 8] [26 13] [16 36] [24 1] [31 18] [21 16]
 50 [30 16] [23 2] [33 0] [20 7] [26 9] [20 33] [32 8] [20 28] [23 17] [16 13]
 51 [16 16] [33 36] [25 37] [22 7] [30 24] [18 34] [23 28] [31 17] [20 22] [25 16] [15 39] [26 0] [31 3] [25 23] [17 4] [28 8] [17 9] [30 31] [15 26] [33 8]
 52 [32 25] [27 39] [20 14] [20 26] [33 39] [15 14] [17 8] [30 33] [31 7] [29 12] [28 1] [23 3] [25 30] [24 8] [19 21] [18 35] [15 2] [33 0] [28 20] [33 17]
 53 [33 0] [27 33] [32 12] [20 36] [26 0] [33 33] [25 28] [20 10] [25 15] [31 25] [18 31] [15 17] [18 2] [31 17] [20 16] [25 22] [29 39] [30 6] [18 25] [25 8]
 54 [15 9] [14 1] [24 21] [28 14] [17 32] [23 37] [23 26] [25 3] [24 9] [32 0] [17 14] [33 27] [29 32] [29 22] [30 9] [30 38] [15 19] [16 39] [23 14] [33 14]
 55 [27 33] [28 5] [26 10] [22 27] [18 9] [18 4] [33 32] [21 36] [29 19] [15 32] [19 15] [29 38] [33 25] [28 25] [23 3] [22 21] [28 0] [33 13] [33 2] [24 16]
 56 [28 13] [32 8] [16 39] [33 14] [24 1] [19 34] [21 25] [18 5] [23 13] [14 34] [21 18] [14 11] [21 39] [16 25] [16 19] [18 0] [1 30] [23 7] [26 18] [29 2]
 57 [23 4] [16 6] [16 26] [22 12] [8 26] [18 0] [21 28] [27 10] [14 18] [5 18] [10 4] [6 13] [17 35] [33 18] [32 11] [28 18] [19 21] [17 13] [0 30] [31 2]
 58 [21 16] [15 12] [27 15] [27 4] [33 14] [20 26] [15 26] [21 21] [21 39] [7 0] [17 4] [21 34] [23 9] [22 0] [30 9] [16 39] [16 20] [14 33] [10 8] [32 3]
 59 [32 3] [7 30] [15 25] [18 33] [16 4] [32 12] [27 18] [23 11] [25 3] [18 13] [9 36] [0 3] [32 17] [15 20] [9 20] [20 21] [15 39] [21 39] [21 26] [0 13]
 60 [19 29] [11 15] [28 14] [15 9] [25 8] [4 9] [33 16] [21 34] [21 39] [17 3] [38 10] [22 14] [16 15] [20 9] [16 36] [18 21] [31 7] [24 3] [14 28] [30 2]
 61
 62
 63
 65
 64
 66
 67
 68
 69
 71 [32 11] [26 5] [31 30] [23 18] [17 13] [32 23] [31 16] [23 12] [30 37] [24 25]
 70
 73 [25 13] [33 36] [23 4] [32 15] [33 29] [30 8] [33 24] [15 18] [24 38] [28 33]
 72 [28 20] [23 31] [33 18] [30 32] [32 11] [29 37] [25 4] [19 2] [25 11] [32 5]
 74 [29 37] [18 35] [20 2] [20 27] [31 0] [28 31] [15 11] [29 11] [18 18] [26 25]
 75 [33 15] [30 28] [28 14] [25 28] [28 35] [30 7] [30 21] [33 36] [22 1] [30 1]
 77 [22 14] [33 3] [33 15] [28 12] [20 2] [27 2] [14 25] [21 8] [19 35] [21 29]
 76 [18 18] [28 3] [21 28] [15 28] [28 8] [33 0] [27 14] [18 34] [18 13] [33 11]
 78 [21 36] [21 21] [14 15] [29 14] [17 7] [22 16] [33 8] [21 29] [28 4] [22 8]
 79 [29 0] [31 18] [30 8] [16 25] [19 19] [24 6] [20 11] [19 6] [25 12] [21 35]
 80 [33 15] [15 17] [31 0] [28 17] [22 14] [29 6] [23 0] [20 19] [19 34] [21 25]
 81 [26 6] [30 26] [30 14] [14 6] [20 9] [31 39] [26 20] [32 19] [25 13] [25 38] [16 18] [32 32] [20 38] [14 11] [29 1] [32 8] [23 26] [24 31] [20 1] [17 27]
 82 [23 18] [30 13] [33 33] [32 3] [20 9] [33 23] [25 5] [21 29] [15 19] [20 23] [27 32] [25 12] [26 27] [27 37] [23 0] [33 39] [33 28] [28 22] [31 8] [18 34]
 83 [33 20] [21 6] [31 7] [26 12] [28 19] [21 1] [14 18] [21 16] [33 25] [14 36] [28 30] [25 36] [15 3] [32 37] [26 1] [31 12] [26 24] [33 2] [20 21] [16 29]
 84 [33 18] [26 15] [16 10] [18 23] [32 25] [25 39] [24 4] [15 18] [33 13] [33 7] [25 10] [23 28] [18 36] [18 29] [23 33] [30 37] [33 0] [26 23] [28 32] [21 15]
 85 [20 21] [26 0] [23 30] [17 16] [28 37] [17 31] [30 16] [33 38] [23 16] [33 9] [33 2] [27 6] [26 11] [21 39] [18 8] [33 33] [25 22] [16 36] [30 28] [33 23]
 86 [16 14] [24 11] [14 19] [29 9] [24 17] [14 3] [38 0] [31 2] [25 3] [29 17] [1 13] [21 22] [4 5] [14 36] [18 30] [16 24] [19 39] [20 2] [14 8] [19 7]
 89 [28 15] [20 11] [20 37] [20 32] [21 25] [26 3] [0 30] [15 8] [15 39] [32 2] [33 17] [15 30] [33 11] [26 9] [14 2] [19 1] [20 6] [14 13] [16 21] [23 17]
 87 [23 7] [28 18] [33 17] [18 3] [14 28] [29 7] [14 23] [20 35] [14 39] [19 28] [21 14] [29 12] [0 17] [21 22] [27 1] [16 18] [14 33] [17 8] [33 1] [16 13]
 88 [20 38] [25 17] [30 15] [39 11] [15 16] [15 39] [14 30] [17 11] [18 0] [20 33] [19 6] [0 27] [31 3] [20 16] [24 9] [29 8] [24 0] [14 5] [19 26] [16 21]
 90 [14 29] [16 18] [16 13] [15 0] [19 30] [16 39] [16 7] [5 21] [10 8] [21 15] [21 39] [26 14] [33 3] [14 34] [21 23] [32 9] [15 23] [24 0] [24 8] [32 17]
 91
 92
 93
 94
 95
 96
 101 [23 0] [30 9] [22 19] [31 27] [17 17] [31 17] [32 2] [23 8] [26 28] [29 36]
 98
 97
 99
 100
 102 [27 11] [15 33] [17 16] [30 37] [31 1] [31 30] [32 12] [25 23] [30 24] [30 17]
 103 [17 17] [25 7] [29 33] [24 21] [32 2] [23 36] [33 18] [24 27] [29 12] [24 16]
 104 [17 1] [31 33] [30 0] [29 12] [26 32] [16 22] [22 0] [22 23] [30 23] [27 17]
 106 [31 0] [21 30] [28 7] [15 21] [21 12] [15 31] [21 17] [23 2] [27 16] [32 13]
 105 [24 36] [24 29] [31 20] [29 13] [26 18] [16 17] [33 37] [23 5] [32 3] [19 29]
 107 [33 10] [14 20] [16 8] [27 0] [29 5] [21 15] [27 14] [21 22] [21 6] [17 37]
 108 [33 11] [29 18] [16 16] [31 1] [17 30] [20 21] [21 37] [23 13] [26 1] [21 8]
 109 [30 15] [32 8] [29 1] [21 6] [25 13] [18 19] [24 0] [26 6] [20 25] [20 13]
 110 [20 12] [19 22] [33 18] [27 8] [32 11] [20 36] [31 3] [26 14] [17 2] [24 3]
 111 [28 36] [28 22] [33 8] [18 16] [18 23] [33 24] [21 10] [30 17] [33 0] [23 32] [14 28] [23 22] [15 7] [23 15] [17 34] [31 29] [15 0] [26 1] [27 9] [22 39]
 112 [28 2] [25 8] [31 37] [33 17] [28 24] [25 13] [31 10] [18 0] [27 18] [23 36] [18 10] [19 17] [33 22] [15 32] [33 1] [20 24] [32 31] [18 39] [19 5] [24 31]
 113 [23 2] [16 1] [32 15] [26 16] [30 34] [16 34] [18 7] [33 20] [32 10] [22 31] [18 24] [27 28] [16 19] [27 22] [31 3] [21 15] [22 38] [23 8] [31 39] [33 28]
 114 [17 0] [30 34] [19 36] [15 27] [30 1] [26 29] [18 14] [33 13] [25 10] [22 19] [25 24] [19 7] [30 6] [32 39] [30 18] [14 36] [25 3] [24 38] [20 28] [32 27]
 115 [31 34] [30 19] [32 1] [26 9] [20 1] [19 37] [33 28] [27 25] [24 39] [33 12] [19 16] [20 24] [22 29] [15 1] [24 34] [26 14] [25 4] [29 39] [20 9] [32 7]
 117 [18 8] [1 2] [37 2] [37 12] [18 37] [21 20] [31 8] [26 9] [10 25] [31 16] [21 0] [32 3] [18 31] [15 1] [16 19] [19 14] [25 15] [26 2] [14 13] [18 25]
 116 [6 33] [15 14] [24 8] [15 19] [14 38] [20 18] [24 13] [29 9] [17 28] [29 16] [13 8] [3 22] [22 2] [31 3] [20 23] [14 33] [19 35] [17 2] [18 9] [2 16]
 118 [20 22] [14 14] [14 3] [24 12] [10 34] [14 8] [17 28] [21 17] [33 11] [27 0] [19 4] [33 4] [18 36] [26 6] [1 17] [4 30] [14 22] [7 0] [29 17] [19 9]
 119 [28 0] [29 18] [17 33] [15 10] [14 17] [23 3] [10 0] [18 24] [17 5] [5 23] [24 17] [39 17] [33 0] [19 19] [17 0] [3 0] [23 11] [18 38] [32 5] [29 12]
 120 [17 30] [33 6] [15 37] [14 14] [15 21] [33 11] [15 7] [8 24] [20 36] [20 10] [15 2] [20 1] [30 16] [25 0] [19 15] [21 24] [25 16] [30 0] [27 6] [28 11]
 121
 122
 5
 1
 2
 3
 4
 6
 11 [26 0] [20 25] [27 6] [26 26] [32 6] [19 38] [31 31] [29 36] [18 4] [24 15]
 9
 10
 7
 12 [25 24] [33 15] [30 10] [27 29] [20 18] [32 31] [23 1] [21 12] [30 22] [31 38]
 8
 13 [24 0] [33 11] [25 19] [24 26] [27 39] [31 22] [19 30] [30 34] [30 1] [25 11]
 16 [28 6] [32 18] [21 38] [28 13] [15 38] [21 2] [33 11] [21 17] [28 0] [14 32]
 14 [32 18] [20 35] [33 38] [27 31] [25 22] [28 12] [31 1] [19 6] [23 14] [21 29]
 15 [28 36] [29 7] [30 0] [30 30] [15 15] [23 31] [21 39] [24 23] [32 13] [23 9]
 17 [18 24] [28 8] [21 29] [26 3] [18 2] [27 14] [21 14] [16 11] [33 12] [33 5]
 18 [28 5] [32 16] [27 11] [18 0] [20 36] [33 3] [22 13] [20 27] [21 18] [32 10]
 19 [17 28] [20 35] [33 11] [33 16] [26 8] [24 2] [28 14] [21 21] [18 10] [30 2]
 21 [28 11] [33 14] [27 20] [25 37] [21 1] [27 4] [20 8] [33 2] [19 29] [14 1] [20 17] [20 35] [19 24] [14 13] [32 32] [31 38] [33 23] [26 28] [33 7] [14 8]
 20 [19 5] [31 11] [29 6] [19 18] [33 1] [21 34] [21 23] [18 0] [19 29] [25 13]
 23 [28 12] [32 36] [29 24] [19 4] [33 11] [24 38] [24 20] [17 35] [32 30] [20 14] [33 16] [27 1] [16 29] [19 9] [26 6] [26 33] [21 27] [33 4] [16 24] [15 17]
 24 [26 31] [17 39] [23 22] [21 28] [29 25] [33 17] [23 36] [21 13] [29 9] [14 30] [32 32] [16 20] [19 5] [28 19] [28 39] [24 4] [32 1] [33 37] [26 14] [16 15]
 22 [33 22] [27 31] [22 37] [28 21] [33 16] [22 0] [32 31] [27 36] [23 7] [18 17] [29 5] [29 0] [18 5] [22 24] [17 12] [33 11] [33 38] [27 13] [17 30] [27 26]
 25 [33 3] [24 21] [29 28] [26 15] [23 6] [28 2] [23 37] [18 30] [32 21] [24 28] [23 1] [31 16] [20 15] [29 38] [18 35] [29 33] [18 23] [29 10] [16 7] [16 0]
 26 [30 9] [20 38] [27 15] [18 1] [32 14] [20 33] [32 1] [14 22] [15 39] [23 4] [7 1] [37 7] [8 19] [19 24] [15 34] [22 11] [15 10] [22 17] [15 29] [16 15]
 29 [14 38] [18 11] [5 5] [19 32] [27 18] [18 26] [14 18] [19 1] [19 37] [14 32] [19 20] [20 6] [25 11] [33 2] [26 2] [14 2] [11 27] [33 18] [33 13] [33 8]
 28 [14 39] [5 14] [24 15] [15 34] [30 9] [15 29] [15 4] [33 18] [19 11] [14 9] [21 35] [20 28] [31 2] [25 0] [17 16] [37 1] [14 23] [24 8] [20 0] [19 23]
 27 [31 15] [16 13] [17 23] [29 2] [19 28] [21 8] [17 18] [14 28] [17 0] [39 4] [7 17] [0 20] [26 12] [16 6] [23 17] [14 34] [30 7] [19 34] [17 39] [23 2]
 30 [23 16] [29 17] [33 0] [16 23] [14 31] [14 6] [32 11] [20 37] [21 26] [27 7] [27 1] [20 9] [17 18] [8 25] [5 12] [19 31] [15 11] [33 6] [18 1] [15 38]
 31
 32
 33
 35
 34
 36
 37
 38
 41 [30 3] [16 24] [23 18] [33 19] [32 27] [24 38] [27 23] [20 31] [27 32] [30 11]
 39
 40
 42 [21 18] [28 6] [31 35] [31 0] [18 39] [31 15] [24 32] [28 22] [24 1] [30 29]
 43 [26 31] [21 14] [30 36] [26 14] [25 36] [33 6] [26 6] [24 26] [32 25] [24 1]
 45 [27 17] [31 34] [22 2] [17 0] [23 39] [27 5] [20 25] [18 31] [18 14] [27 26]
 44 [20 28] [18 3] [32 39] [30 6] [25 0] [21 21] [28 29] [33 0] [33 32] [21 35]
 47 [20 36] [27 18] [19 25] [21 10] [30 3] [25 2] [22 17] [14 4] [16 10] [30 12]
 46 [29 1] [33 18] [20 38] [19 26] [26 9] [27 14] [24 0] [32 9] [18 0] [19 18]
 48 [21 20] [16 7] [16 19] [18 33] [22 10] [31 18] [14 12] [33 0] [30 12] [19 25]
 49 [21 15] [17 28] [15 4] [30 9] [16 9] [29 4] [32 16] [18 33] [20 4] [21 10]
 51 [27 2] [30 38] [25 28] [33 33] [21 35] [17 21] [16 35] [20 8] [32 14] [33 20] [21 14] [16 30] [26 16] [33 3] [26 7] [24 22] [16 2] [32 9] [22 2] [30 25]
 50 [16 9] [18 4] [33 4] [32 9] [16 38] [17 33] [21 18] [27 5] [29 18] [27 0]
 54 [18 17] [32 4] [26 38] [19 29] [29 11] [28 32] [14 25] [19 22] [31 16] [20 11] [31 39] [33 31] [24 20] [33 24] [19 37] [27 25] [22 4] [15 3] [27 4] [14 32]
 52 [26 7] [20 37] [32 18] [32 11] [27 28] [21 0] [30 0] [25 33] [25 23] [16 30] [17 17] [31 23] [33 32] [31 38] [22 28] [33 6] [18 22] [27 17] [27 12] [20 6]
 53 [30 36] [22 29] [20 16] [33 21] [32 5] [14 8] [20 0] [20 8] [32 0] [17 32] [28 15] [25 8] [16 21] [25 0] [33 13] [31 27] [25 34] [19 38] [24 21] [24 39]
 55 [29 0] [33 37] [27 12] [33 26] [20 25] [22 33] [33 11] [33 16] [28 27] [32 21] [20 18] [16 6] [26 18] [21 7] [28 7] [23 39] [14 23] [28 38] [33 32] [21 13]
 56 [30 12] [33 7] [25 15] [2 34] [18 24] [16 9] [5 26] [21 39] [14 15] [23 10] [0 0] [33 2] [19 0] [24 4] [19 33] [20 18] [14 2] [33 18] [14 29] [14 38]
 57 [23 12] [31 17] [10 33] [31 1] [9 10] [0 28] [17 1] [21 20] [26 4] [10 25] [15 39] [30 9] [15 15] [20 35] [16 21] [17 10] [15 34] [26 18] [4 21] [17 28]
 58 [24 7] [17 5] [17 0] [33 1] [18 18] [23 13] [14 23] [25 1] [31 10] [16 12] [37 15] [8 8] [29 15] [18 39] [20 30] [19 25] [12 0] [23 18] [5 37] [15 32]
 60 [20 11] [25 1] [21 28] [18 21] [21 16] [14 36] [8 24] [32 15] [15 8] [16 28] [26 8] [20 0] [20 6] [30 2] [15 14] [19 34] [21 39] [15 0] [32 9] [27 14]
 59 [28 16] [14 33] [33 8] [20 38] [19 25] [28 10] [19 0] [19 33] [17 19] [33 17] [14 0] [28 5] [18 5] [24 0] [22 17] [23 10] [23 5] [15 39] [15 13] [29 0]
 61
 62
 63
 64
 65
 66
 67
 68
 69
 70
 71 [33 4] [26 22] [18 4] [28 29] [27 38] [32 35] [31 22] [20 31] [21 19] [27 9]
 72 [27 18] [21 4] [30 26] [20 37] [27 32] [29 12] [33 35] [33 20] [14 11] [25 26]
 73 [27 3] [22 6] [26 11] [22 30] [32 9] [23 21] [31 35] [33 17] [31 27] [16 33]
 74 [22 31] [22 38] [21 18] [32 8] [32 13] [27 26] [32 38] [28 21] [25 11] [25 6]
 75 [14 34] [22 1] [23 14] [29 31] [32 15] [30 21] [18 27] [31 4] [31 36] [32 9]
 76 [31 8] [19 25] [22 18] [15 30] [18 7] [20 12] [19 2] [33 16] [29 1] [26 12]
 77 [21 20] [30 1] [21 14] [14 12] [28 14] [33 18] [20 4] [26 9] [14 4] [19 31]
 78 [30 3] [21 2] [19 31] [27 13] [24 7] [17 20] [33 10] [20 38] [15 10] [15 0]
 79 [32 13] [21 12] [32 0] [21 18] [21 5] [27 3] [16 39] [20 25] [33 18] [21 31]
 80 [18 28] [22 8] [17 2] [27 15] [16 36] [33 15] [19 18] [32 7] [23 2] [29 2]
 81 [32 0] [16 10] [18 0] [27 6] [16 20] [21 21] [28 27] [32 19] [32 7] [33 28] [32 12] [18 36] [27 22] [19 26] [26 14] [24 36] [26 0] [22 8] [21 14] [29 36]
 82 [22 14] [32 5] [19 8] [17 29] [27 18] [24 9] [29 34] [33 0] [19 38] [32 22] [14 16] [16 24] [22 31] [21 3] [16 0] [26 23] [27 39] [31 10] [28 29] [33 28]
 83 [28 17] [24 2] [21 23] [16 23] [25 38] [22 29] [16 28] [17 5] [33 14] [20 18] [33 8] [16 12] [20 35] [33 0] [24 11] [29 26] [31 31] [15 18] [32 38] [33 20]
 84 [32 5] [15 15] [26 37] [23 22] [19 0] [30 0] [16 20] [24 1] [21 39] [21 10] [32 28] [33 33] [26 10] [22 28] [33 22] [16 37] [31 16] [28 21] [22 16] [31 39]
 85 [21 13] [22 39] [15 27] [31 5] [33 0] [27 11] [33 17] [31 35] [16 21] [32 12] [23 6] [31 30] [14 12] [18 7] [30 23] [25 32] [22 0] [28 0] [24 23] [16 36]
 86 [3 32] [16 37] [18 25] [17 18] [18 5] [18 31] [25 6] [21 39] [31 10] [26 13] [15 11] [7 9] [30 3] [25 1] [32 15] [15 0] [2 12] [20 0] [21 13] [23 18]
 87 [14 26] [15 39] [11 6] [17 13] [31 0] [17 8] [17 3] [21 38] [10 0] [28 18] [15 32] [33 5] [21 33] [19 26] [24 3] [15 20] [23 17] [33 13] [33 18] [25 10]
 88 [29 7] [14 19] [19 31] [17 3] [14 26] [5 30] [6 36] [14 8] [14 36] [30 16] [20 23] [23 15] [4 20] [16 14] [19 39] [21 9] [27 0] [22 0] [14 31] [32 2]
 90 [20 33] [16 11] [23 13] [17 16] [28 15] [15 38] [0 28] [33 17] [30 4] [16 26] [18 4] [14 21] [24 4] [21 25] [6 18] [21 39] [23 18] [15 33] [32 9] [10 30]
 89 [21 29] [2 35] [16 29] [19 23] [22 6] [28 4] [33 18] [15 8] [15 2] [28 9] [20 11] [14 17] [18 35] [24 16] [23 0] [6 8] [14 23] [19 17] [33 12] [33 4]
 91
 92
 93
 94
 95
 96
 97
 98
 99
 101 [28 20] [31 13] [17 21] [33 22] [25 4] [33 1] [27 29] [20 6] [29 34] [20 37]
 100
 102 [26 19] [22 1] [31 17] [14 1] [33 22] [28 34] [31 8] [18 30] [23 25] [17 23]
 103 [33 29] [33 13] [32 18] [31 35] [25 38] [25 23] [26 14] [17 17] [27 29] [23 2]
 104 [27 2] [26 18] [19 24] [15 36] [32 33] [33 25] [32 14] [29 38] [22 35] [20 13]
 105 [32 25] [32 1] [19 22] [21 0] [28 20] [32 34] [18 9] [33 10] [33 16] [25 13]
 106 [30 7] [19 16] [24 5] [17 11] [33 15] [29 1] [20 27] [20 37] [15 32] [24 11]
 107 [21 24] [16 33] [28 0] [26 9] [31 8] [27 18] [21 3] [16 26] [18 13] [21 32]
 108 [18 18] [23 3] [30 0] [32 13] [19 23] [29 5] [16 7] [21 39] [25 13] [26 18]
 109 [16 31] [30 12] [21 39] [32 6] [26 18] [22 11] [15 16] [24 2] [21 32] [32 1]
 110 [29 8] [28 2] [17 10] [17 21] [33 15] [21 34] [15 26] [15 4] [23 4] [23 17]
 111 [30 15] [19 1] [31 30] [19 37] [26 4] [16 18] [15 31] [24 9] [23 26] [29 25] [17 23] [20 32] [24 38] [26 31] [33 2] [23 19] [32 35] [19 10] [32 7] [33 20]
 112 [16 35] [16 0] [16 10] [23 38] [16 17] [27 10] [19 30] [31 31] [22 17] [25 22] [22 10] [27 0] [33 4] [32 24] [26 32] [33 16] [26 5] [20 24] [31 39] [27 15]
 113 [29 24] [29 35] [19 10] [32 6] [30 19] [15 36] [24 30] [23 35] [24 24] [19 23] [15 17] [22 17] [32 1] [30 11] [16 30] [31 29] [23 0] [25 12] [26 6] [14 5]
 114 [32 11] [26 4] [16 33] [28 29] [22 34] [33 30] [16 39] [16 20] [26 39] [20 14] [26 13] [18 7] [24 20] [22 26] [16 25] [31 2] [31 35] [31 23] [32 17] [20 2]
 115 [22 22] [15 13] [20 35] [33 3] [30 17] [15 38] [23 17] [24 12] [33 25] [15 5] [15 32] [33 12] [26 4] [17 23] [29 35] [33 30] [20 30] [20 4] [28 24] [27 30]
 118 [25 16] [12 17] [39 8] [25 10] [20 26] [14 22] [17 17] [3 5] [17 31] [19 39] [7 23] [27 1] [14 37] [30 16] [15 2] [32 4] [20 0] [33 9] [18 11] [21 5]
 117 [4 18] [19 10] [21 18] [15 0] [28 11] [14 6] [33 8] [21 24] [27 18] [32 16] [33 2] [14 23] [21 1] [1 38] [16 15] [27 2] [21 38] [14 39] [14 31] [21 30]
 119 [27 16] [16 29] [21 31] [22 8] [33 7] [2 25] [28 9] [17 14] [20 36] [14 35] [33 18] [22 15] [31 2] [21 20] [33 12] [21 26] [14 9] [26 0] [15 22] [17 4]
 116 [14 39] [14 6] [19 37] [14 11] [30 16] [16 16] [24 18] [33 10] [25 13] [18 0] [31 3] [14 34] [8 19] [18 22] [19 6] [18 29] [24 7] [24 1] [19 11] [2 5]
 120 [25 6] [33 18] [31 5] [22 0] [7 29] [5 11] [18 37] [17 25] [18 10] [28 0] [4 5] [15 16] [20 31] [18 5] [17 0] [33 0] [20 19] [33 11] [14 32] [25 14]
 121
 122
 124
 123
 125
 126
 127
 128
 129
 130
 131 [32 15] [32 25] [18 38] [25 12] [20 0] [31 36] [19 15] [26 31] [15 9] [17 28]
 132 [23 36] [23 10] [18 13] [32 24] [20 25] [30 38] [28 30] [33 7] [29 19] [28 7]
 133 [27 26] [32 3] [27 2] [21 8] [29 19] [30 10] [32 31] [32 26] [20 37] [33 36]
 134 [27 15] [21 20] [30 33] [17 37] [29 2] [33 23] [25 28] [28 7] [33 8] [32 18]
 135 [32 10] [22 18] [17 20] [21 37] [32 18] [30 37] [25 5] [20 5] [31 3] [30 27]
 136 [29 11] [18 12] [20 30] [15 7] [18 24] [24 17] [22 7] [30 17] [24 2] [31 5]
 137 [30 10] [17 18] [19 24] [26 2] [31 2] [33 15] [17 34] [22 18] [28 17] [17 7]
 138 [20 32] [19 24] [29 18] [17 9] [24 17] [32 11] [33 5] [24 10] [30 0] [15 29]
 139 [17 24] [14 35] [15 29] [31 6] [24 16] [23 5] [19 34] [19 19] [19 39] [30 16]
 140 [33 13] [32 4] [27 4] [17 3] [33 18] [19 21] [17 32] [27 11] [24 18] [19 14]
 141 [15 15] [29 4] [23 36] [31 37] [30 10] [27 26] [17 34] [27 16] [22 14] [21 25] [15 2] [33 15] [14 28] [21 20] [27 31] [33 20] [32 31] [33 26] [24 6] [27 21]
 143 [23 4] [29 7] [33 2] [32 39] [24 17] [27 34] [33 13] [21 9] [22 35] [33 28] [28 2] [16 1] [27 12] [16 31] [18 14] [23 25] [28 29] [29 22] [18 26] [32 34]
 142 [21 21] [15 3] [30 21] [21 4] [17 34] [23 35] [16 8] [15 39] [17 29] [32 15] [16 15] [29 36] [32 9] [32 27] [25 28] [31 2] [27 11] [16 23] [21 13] [26 0]
 144 [19 15] [32 15] [25 15] [21 22] [32 39] [24 27] [24 4] [27 39] [16 21] [15 10] [26 32] [30 1] [29 26] [19 0] [33 21] [22 10] [33 34] [30 7] [27 20] [20 39]
 145 [24 10] [17 27] [25 2] [16 20] [24 27] [30 27] [31 18] [33 12] [20 32] [20 5] [29 32] [23 20] [15 33] [25 39] [32 38] [20 0] [32 5] [19 38] [20 15] [14 15]
 146 [26 18] [16 27] [18 21] [14 39] [20 33] [16 0] [15 32] [14 6] [33 3] [19 5] [21 0] [33 12] [26 0] [27 13] [17 14] [20 39] [21 27] [33 17] [24 6] [22 12]
 147 [19 23] [22 8] [32 12] [18 37] [31 2] [20 30] [22 3] [22 16] [17 4] [14 28] [27 15] [31 7] [3 24] [9 1] [16 17] [32 17] [14 23] [17 12] [9 7] [5 35]
 149 [5 0] [21 24] [8 8] [27 7] [19 31] [32 5] [14 28] [18 39] [18 4] [24 1] [24 16] [29 0] [14 33] [21 9] [3 36] [16 10] [30 12] [4 20] [18 19] [31 18]
 148 [14 30] [1 39] [20 32] [14 10] [20 24] [30 9] [23 2] [17 19] [17 0] [25 7] [14 5] [22 17] [15 24] [31 14] [14 35] [39 12] [31 3] [19 38] [19 10] [25 12]
 151
 150 [23 12] [23 17] [35 18] [15 39] [4 25] [19 30] [24 1] [16 0] [16 6] [14 33] [18 13] [15 19] [18 25] [21 37] [33 4] [28 7] [9 34] [21 6] [29 18] [29 13]
 152
 153
 154
 155
 157
 156
 158
 159
 161 [28 29] [30 14] [33 0] [32 36] [14 29] [30 9] [27 3] [23 18] [30 19] [27 37]
 160
 163 [33 21] [22 6] [28 3] [32 36] [33 2] [31 16] [26 26] [33 8] [27 8] [26 37]
 162 [31 0] [30 28] [28 10] [29 21] [33 11] [22 22] [15 16] [23 33] [31 37] [32 5]
 164 [27 36] [33 20] [31 31] [18 3] [18 36] [25 28] [29 13] [32 26] [31 5] [25 2]
 165 [26 31] [24 36] [30 25] [33 2] [21 14] [33 10] [28 9] [23 1] [31 16] [21 28]
 166 [20 12] [31 12] [26 1] [21 1] [21 34] [21 28] [15 13] [16 27] [31 0] [31 17]
 167 [17 18] [32 18] [32 6] [25 4] [26 11] [20 5] [22 16] [21 33] [31 13] [17 24]
 168 [24 17] [31 11] [20 28] [19 7] [31 0] [17 39] [24 12] [32 17] [25 5] [32 5]
 169 [33 16] [29 11] [29 4] [20 19] [20 36] [26 16] [20 26] [24 7] [19 8] [21 31]
 170 [23 9] [23 17] [14 32] [19 34] [19 1] [30 8] [33 3] [17 9] [30 14] [17 39]
 172 [23 16] [16 34] [33 34] [30 27] [15 27] [27 4] [31 21] [33 1] [15 14] [32 39] [25 33] [21 27] [20 4] [32 8] [21 9] [19 21] [24 38] [27 9] [31 15] [14 22]
 171 [31 39] [17 2] [18 12] [27 3] [15 39] [21 28] [32 34] [22 2] [31 19] [31 29] [16 27] [17 33] [26 23] [25 10] [33 5] [20 22] [22 38] [16 7] [26 15] [33 12]
 173 [19 32] [14 30] [32 9] [23 12] [33 16] [17 39] [25 25] [25 34] [24 39] [17 19] [19 25] [33 2] [28 17] [17 4] [18 13] [26 6] [25 1] [31 34] [33 21] [33 27]
 175 [26 21] [32 7] [18 1] [15 29] [17 13] [32 28] [32 2] [33 14] [26 7] [22 29] [33 19] [30 39] [25 37] [27 31] [20 35] [33 34] [23 1] [18 8] [24 14] [21 22]
 174 [17 25] [22 6] [32 7] [28 20] [27 27] [25 15] [31 35] [22 28] [26 33] [19 19] [30 15] [15 4] [16 38] [27 10] [21 36] [18 12] [28 0] [33 23] [22 1] [33 29]
 176 [2 26] [18 35] [8 10] [18 20] [32 8] [13 29] [21 15] [16 6] [33 2] [23 3] [32 16] [15 15] [7 15] [39 10] [16 0] [28 0] [27 17] [4 1] [18 28] [25 10]
 178 [15 17] [32 17] [6 22] [18 12] [24 1] [30 1] [0 28] [18 29] [29 8] [8 34] [14 0] [19 35] [14 39] [15 23] [20 21] [19 0] [14 34] [17 7] [26 16] [24 7]
 177 [18 10] [21 39] [15 32] [8 5] [20 33] [19 16] [18 3] [24 18] [26 0] [31 2] [31 10] [6 28] [32 18] [0 19] [14 16] [24 5] [18 26] [23 10] [16 21] [14 39]
 179 [22 1] [17 14] [17 1] [21 39] [27 6] [16 38] [16 6] [32 6] [19 27] [16 22] [29 11] [17 33] [32 1] [21 21] [29 16] [22 15] [11 37] [21 7] [27 1] [14 27]
 180 [14 11] [24 18] [18 23] [19 16] [25 7] [31 5] [23 1] [28 0] [14 17] [20 29] [6 30] [3 10] [19 8] [18 35] [14 28] [33 10] [16 3] [32 17] [25 12] [33 0]
 181
 182
 183
 184
 185
 187
 186
 188
 191 [21 39] [15 12] [28 35] [29 12] [25 19] [23 0] [28 26] [28 6] [31 21] [22 26]
 189
 190
 192 [26 28] [20 11] [22 33] [27 34] [32 21] [23 5] [28 6] [28 15] [30 39] [16 3]
 193 [16 39] [20 0] [25 11] [26 36] [26 22] [26 6] [33 17] [15 27] [20 6] [22 31]
 194 [27 2] [32 33] [18 35] [27 33] [18 16] [16 26] [26 28] [33 13] [28 8] [28 15]
 195 [16 4] [22 0] [29 7] [30 14] [18 9] [30 39] [31 26] [20 22] [16 34] [26 25]
 196 [20 28] [23 18] [19 8] [33 3] [28 1] [15 3] [26 10] [28 16] [17 17] [33 9]
 197 [32 9] [24 10] [21 27] [32 4] [27 1] [33 16] [27 17] [21 17] [22 0] [18 32]
 198 [24 8] [24 0] [29 18] [19 33] [21 39] [24 15] [30 13] [30 6] [33 0] [19 10]
 199 [27 0] [19 27] [27 18] [28 11] [15 5] [33 5] [17 35] [27 6] [33 14] [18 11]
 200 [26 10] [30 18] [31 13] [28 0] [14 34] [14 20] [33 7] [19 32] [21 15] [23 4]
 201 [33 27] [15 4] [23 19] [26 39] [26 34] [17 28] [18 23] [29 10] [31 2] [23 27] [28 28] [31 37] [16 34] [26 3] [30 22] [17 18] [20 0] [21 7] [30 15] [24 14]
 202 [16 29] [31 14] [24 16] [32 26] [31 9] [26 21] [20 23] [26 27] [21 31] [18 15] [28 36] [17 4] [25 4] [26 10] [33 38] [22 39] [17 37] [33 4] [20 10] [31 21]
 203 [33 8] [32 35] [17 9] [33 0] [15 15] [33 29] [23 8] [26 34] [19 2] [28 8] [19 37] [25 25] [32 16] [23 15] [28 2] [23 20] [19 29] [30 21] [25 39] [18 21]
 204 [31 9] [27 3] [25 39] [22 7] [21 30] [19 1] [32 29] [30 35] [26 14] [31 14] [27 30] [17 6] [14 0] [20 36] [33 4] [16 29] [33 19] [28 21] [19 15] [20 21]
 205 [21 37] [26 10] [32 6] [20 12] [31 34] [24 3] [22 32] [23 26] [31 0] [15 39] [29 24] [18 5] [33 14] [33 19] [19 18] [33 29] [19 0] [27 16] [28 39] [16 30]
 206 [24 17] [13 24] [1 28] [18 35] [17 17] [17 4] [19 10] [33 3] [26 5] [25 11] [33 18] [26 0] [31 12] [14 9] [2 10] [18 22] [12 1] [9 12] [7 28] [17 30]
 207 [15 9] [15 32] [19 16] [21 33] [27 10] [24 3] [24 15] [20 9] [21 22] [30 4] [15 21] [21 38] [14 15] [19 0] [33 11] [16 38] [14 26] [32 18] [21 28] [14 0]
 208 [21 13] [16 12] [17 0] [28 17] [14 29] [21 38] [15 24] [27 8] [19 31] [33 16] [15 36] [16 17] [32 3] [10 17] [32 11] [18 6] [22 1] [27 3] [8 35] [20 22]
 209 [14 3] [24 14] [32 15] [30 8] [17 31] [16 25] [15 20] [15 10] [21 37] [8 37] [7 2] [20 20] [18 15] [3 20] [16 39] [19 1] [30 2] [21 26] [25 2] [21 8]
 211
 210 [24 1] [20 39] [21 25] [17 17] [33 6] [30 18] [8 1] [1 11] [21 33] [14 1] [14 37] [18 10] [29 0] [16 23] [24 9] [19 0] [15 30] [29 11] [19 5] [22 15]
 212
 213
 214
 215
 216
 217
 218
 221 [24 1] [22 29] [30 28] [26 7] [20 19] [31 22] [30 2] [23 13] [29 37] [20 34]
 219
 220
 222 [25 12] [30 23] [33 28] [25 22] [28 36] [20 6] [17 38] [21 0] [31 15] [29 0]
 223 [21 5] [28 6] [32 27] [19 29] [33 10] [21 18] [30 37] [24 32] [27 23] [28 11]
 224 [24 30] [23 9] [32 33] [25 25] [32 26] [30 15] [28 8] [24 16] [24 1] [15 12]
 225 [27 13] [33 15] [32 8] [24 5] [31 37] [21 24] [31 32] [29 22] [20 11] [25 33]
 226 [20 6] [33 6] [19 14] [32 15] [15 0] [32 1] [25 9] [17 20] [27 15] [18 30]
 227 [16 29] [23 13] [16 8] [25 7] [21 20] [17 36] [30 6] [21 26] [31 11] [31 0]
 229 [33 0] [15 31] [19 22] [24 16] [32 17] [26 5] [21 29] [32 6] [30 11] [21 6]
 228 [22 8] [20 28] [16 35] [21 13] [25 1] [21 37] [30 4] [15 21] [30 14] [14 14]
 230 [21 29] [19 7] [31 17] [16 14] [17 36] [30 8] [24 11] [25 18] [19 24] [28 2]
 231 [27 9] [33 20] [21 15] [30 2] [27 17] [24 3] [22 8] [33 8] [27 30] [32 36] [16 0] [32 13] [24 22] [16 12] [18 34] [32 29] [15 5] [25 35] [19 26] [16 20]
 232 [22 18] [19 3] [33 38] [28 35] [31 6] [27 24] [24 6] [20 11] [21 23] [15 35] [16 20] [33 33] [30 0] [31 18] [33 25] [26 11] [21 37] [33 12] [22 28] [24 1]
 233 [16 33] [33 12] [26 1] [20 4] [26 6] [29 25] [33 18] [33 38] [18 20] [22 12] [16 39] [28 13] [24 37] [23 30] [24 21] [31 4] [17 11] [14 2] [17 28] [29 30]
 234 [20 24] [27 18] [20 12] [21 6] [26 6] [27 36] [22 17] [25 25] [32 35] [27 11] [22 31] [27 31] [15 10] [29 1] [21 39] [33 14] [32 22] [14 30] [32 7] [16 39]
 235 [26 1] [20 22] [28 16] [21 34] [33 29] [33 17] [27 8] [33 12] [25 29] [16 6] [21 17] [20 39] [27 21] [31 36] [33 6] [33 1] [20 0] [20 12] [26 36] [32 23]
 236 [30 18] [29 4] [18 34] [32 11] [14 20] [17 28] [22 9] [3 3] [16 9] [25 14] [18 39] [14 14] [16 3] [19 23] [24 3] [3 34] [6 18] [0 9] [20 15] [27 9]
 237 [31 7] [29 16] [19 3] [3 22] [18 24] [2 12] [28 0] [24 16] [20 10] [7 6] [14 0] [15 15] [16 33] [16 39] [21 39] [15 8] [26 9] [5 37] [21 32] [33 2]
 239 [11 18] [1 33] [31 18] [18 0] [25 10] [14 32] [33 0] [22 5] [32 6] [16 18] [25 15] [31 13] [19 32] [21 21] [27 3] [18 37] [19 26] [14 25] [17 7] [17 12]
 238 [33 14] [19 15] [9 21] [17 2] [32 7] [9 29] [18 20] [18 28] [29 0] [28 14] [20 33] [16 39] [21 39] [6 36] [15 33] [0 20] [18 10] [23 1] [23 6] [14 15]
 240 [21 15] [33 1] [18 1] [16 17] [16 22] [23 0] [27 15] [32 18] [15 29] [21 21] [14 12] [20 28] [4 20] [8 33] [22 6] [28 1] [17 36] [16 7] [30 6] [33 13]
 241
 242
 243
 244
 245
 246
 247
 248
 249
 251 [33 7] [33 36] [26 35] [28 2] [27 9] [15 9] [24 14] [21 25] [29 22] [21 20]
 250
 252 [28 16] [26 39] [24 33] [20 6] [26 5] [16 37] [33 28] [31 21] [19 1] [25 28]
 253 [30 9] [25 31] [19 9] [29 15] [30 23] [22 15] [33 28] [32 2] [23 39] [30 39]
 254 [29 20] [20 12] [25 5] [28 32] [28 27] [31 1] [23 24] [32 9] [27 10] [21 29]
 255 [33 29] [33 3] [20 23] [21 18] [22 30] [24 2] [28 23] [26 17] [23 9] [32 37]
 256 [22 15] [21 29] [31 14] [21 3] [25 10] [16 9] [20 20] [14 17] [32 7] [26 2]
 257 [23 13] [18 13] [28 17] [18 19] [29 12] [16 6] [31 7] [33 2] [24 1] [33 17]
 258 [32 3] [33 10] [26 7] [25 0] [24 18] [19 33] [14 9] [28 12] [32 17] [17 23]
 259 [33 0] [21 39] [21 6] [30 17] [28 2] [22 1] [19 14] [28 8] [24 14] [20 31]
 260 [22 5] [32 0] [28 8] [28 18] [33 7] [20 31] [17 21] [22 15] [33 14] [19 38]
 261 [20 32] [27 16] [15 8] [22 1] [27 22] [32 14] [17 0] [20 14] [26 35] [14 14] [25 27] [28 6] [30 28] [33 36] [20 26] [22 7] [32 21] [19 19] [33 7] [30 0]
 262 [15 38] [28 7] [33 16] [25 25] [16 0] [22 12] [33 32] [33 6] [20 37] [29 39] [31 1] [18 6] [24 32] [23 6] [20 17] [28 19] [17 27] [27 12] [15 16] [31 24]
 263 [33 4] [17 14] [26 5] [30 15] [24 21] [20 27] [26 10] [29 22] [22 15] [32 39] [30 27] [33 32] [31 10] [25 27] [27 0] [17 32] [18 1] [19 6] [25 35] [17 21]
 264 [30 28] [18 8] [30 17] [20 27] [28 33] [21 16] [20 22] [31 8] [28 23] [23 39] [26 3] [32 0] [19 1] [22 32] [14 24] [31 39] [17 34] [24 9] [33 22] [16 17]
 265 [22 18] [27 14] [16 36] [33 6] [21 24] [24 39] [29 32] [28 8] [30 21] [22 29] [20 5] [29 27] [29 37] [28 0] [33 16] [17 31] [15 17] [33 1] [15 0] [21 11]
 266 [32 8] [14 10] [14 15] [39 15] [31 2] [19 21] [19 9] [20 35] [14 35] [24 18] [14 22] [18 2] [25 13] [20 29] [38 6] [15 30] [26 4] [31 18] [19 16] [32 13]
 267 [20 22] [15 26] [28 0] [28 14] [21 30] [22 14] [17 8] [19 39] [33 12] [4 1] [14 15] [33 17] [14 38] [33 3] [15 33] [28 5] [23 4] [14 21] [17 3] [23 9]
 269 [18 3] [19 32] [18 17] [20 37] [14 24] [30 18] [24 18] [26 12] [14 30] [21 25] [32 12] [28 0] [23 6] [33 0] [21 11] [28 6] [15 39] [16 9] [33 7] [23 1]
 268 [15 11] [26 1] [33 1] [26 9] [14 32] [20 9] [32 8] [0 25] [38 12] [21 3] [18 27] [19 38] [16 4] [17 22] [14 37] [20 33] [20 17] [4 37] [14 16] [29 14]
 270 [27 17] [28 12] [33 6] [21 2] [20 20] [22 12] [14 24] [16 10] [21 7] [15 29] [21 27] [16 34] [31 0] [15 19] [33 15] [26 1] [21 37] [16 4] [21 32] [27 6]
 271
 272
 273
 274
 275
 276
 277
 278
 279
 281 [32 13] [29 1] [29 6] [24 34] [33 18] [31 26] [19 29] [24 24] [24 8] [19 24]
 280
 282 [32 32] [31 23] [21 24] [30 37] [22 31] [22 38] [23 15] [30 3] [26 23] [30 13]
 283 [33 26] [23 2] [29 13] [29 6] [28 32] [22 23] [16 29] [30 1] [22 7] [17 7]
 284 [32 22] [27 19] [20 26] [30 39] [20 6] [29 28] [31 4] [32 9] [30 34] [23 32]
 285 [22 37] [33 28] [20 17] [25 9] [28 20] [22 32] [32 13] [24 26] [19 23] [17 37]
 286 [21 5] [21 21] [27 2] [33 12] [27 11] [17 0] [21 37] [32 4] [21 29] [31 17]
 287 [23 1] [31 14] [18 24] [20 32] [16 7] [17 2] [32 3] [24 16] [24 8] [14 32]
 288 [16 11] [29 7] [18 32] [21 24] [28 15] [21 37] [33 2] [28 1] [22 14] [23 2]
 289 [33 17] [18 23] [15 17] [20 12] [32 4] [26 9] [32 9] [16 31] [17 36] [24 1]
 290 [19 30] [19 12] [31 10] [33 18] [18 4] [28 16] [32 3] [20 21] [25 9] [27 3]
 291 [26 33] [15 37] [28 16] [30 22] [32 29] [22 1] [19 7] [14 21] [20 37] [17 29] [19 14] [33 10] [22 28] [25 38] [28 10] [27 27] [31 36] [24 21] [29 2] [33 16]
 292 [32 21] [21 15] [21 8] [33 4] [33 26] [17 0] [28 2] [16 27] [15 9] [15 36] [25 38] [16 16] [33 31] [28 27] [22 22] [27 20] [24 32] [30 12] [22 0] [31 36]
 293 [32 37] [33 3] [33 17] [27 11] [26 30] [20 25] [25 25] [25 37] [21 13] [17 4] [20 35] [33 9] [15 14] [33 24] [31 29] [15 24] [26 3] [16 9] [21 30] [22 20]
 294 [17 18] [28 39] [19 12] [26 4] [27 9] [27 31] [24 16] [31 24] [20 0] [32 10] [26 25] [29 18] [15 23] [32 31] [21 28] [16 29] [33 36] [32 0] [20 38] [33 5]
 295 [24 34] [32 33] [19 35] [33 28] [21 20] [30 38] [26 8] [27 2] [32 9] [28 27] [33 1] [33 19] [32 14] [17 6] [16 17] [22 2] [22 13] [26 18] [23 25] [19 30]
 296 [14 32] [16 9] [24 4] [20 24] [11 1] [20 30] [21 12] [15 22] [33 10] [21 39] [20 19] [15 17] [28 10] [6 39] [14 27] [33 0] [16 39] [18 2] [29 15] [31 5]
 297 [33 0] [15 18] [20 17] [20 38] [31 15] [17 29] [4 6] [26 18] [17 10] [28 1] [10 21] [15 36] [4 22] [21 4] [0 35] [37 11] [22 12] [16 3] [17 24] [29 7]
 298 [16 19] [21 30] [30 1] [20 24] [16 29] [16 13] [4 12] [39 6] [18 35] [4 37] [17 6] [31 9] [16 0] [25 15] [24 4] [26 9] [33 14] [15 24] [38 12] [2 21]
 300 [33 15] [26 9] [16 4] [20 10] [18 21] [14 35] [7 19] [6 26] [15 9] [39 16] [32 9] [19 35] [1 17] [24 4] [25 14] [18 16] [1 4] [36 4] [18 26] [29 4]
 299 [21 21] [25 15] [20 39] [16 33] [5 35] [23 1] [21 26] [22 6] [15 0] [27 8] [33 10] [15 20] [15 11] [21 33] [32 18] [20 12] [16 26] [32 4] [15 39] [17 6]
 301
 302
 303
 304
 305
 306
 307
 308
 309
 311 [15 16] [33 17] [31 33] [29 11] [30 1] [16 22] [23 22] [30 25] [25 2] [26 16]
 310
 312 [29 37] [33 15] [29 32] [23 15] [25 0] [33 7] [33 1] [21 26] [23 32] [30 26]
 313 [26 11] [31 4] [31 11] [16 30] [19 12] [24 22] [24 30] [32 20] [31 34] [23 4]
 314 [26 9] [23 18] [22 37] [27 0] [18 9] [33 36] [21 31] [26 29] [32 14] [33 5]
 315 [30 9] [16 16] [21 39] [21 13] [25 0] [30 18] [31 38] [32 27] [20 3] [24 29]
 316 [27 8] [22 12] [16 15] [17 30] [29 15] [33 3] [19 3] [33 8] [21 35] [22 17]
 317 [15 6] [15 23] [27 18] [20 10] [20 20] [21 39] [24 2] [20 30] [32 1] [33 9]
 318 [29 2] [21 36] [25 7] [33 15] [20 13] [19 28] [26 15] [21 19] [30 9] [19 2]
 319 [26 18] [26 7] [22 12] [21 24] [23 0] [31 8] [30 1] [17 30] [32 15] [21 39]
 320 [27 6] [17 21] [19 15] [21 6] [33 2] [33 13] [26 1] [20 0] [20 28] [25 15]
 321 [26 37] [23 28] [33 25] [31 15] [25 12] [15 14] [23 5] [20 16] [20 34] [18 8] [15 37] [31 20] [30 4] [31 9] [33 35] [24 21] [28 30] [16 29] [19 23] [16 3]
 322 [27 5] [17 38] [20 7] [20 28] [33 16] [26 29] [33 37] [26 37] [25 18] [20 33] [24 12] [18 1] [28 23] [33 22] [19 15] [33 7] [15 6] [33 0] [20 20] [33 28]
 324 [21 14] [31 9] [30 23] [25 24] [27 18] [23 37] [25 9] [20 28] [21 1] [29 0] [33 37] [26 32] [33 17] [28 38] [17 35] [16 13] [18 8] [33 30] [15 30] [18 20]
 323 [31 27] [15 26] [33 35] [24 31] [22 24] [26 37] [20 1] [17 31] [15 38] [28 0] [29 22] [18 12] [33 15] [33 1] [21 17] [33 10] [15 0] [20 38] [26 16] [27 6]
 325 [25 6] [32 2] [22 0] [33 17] [33 11] [14 24] [33 28] [24 11] [19 28] [30 36] [22 33] [21 19] [33 22] [14 1] [18 8] [16 14] [27 30] [25 38] [26 20] [27 1]
 326 [19 21] [16 37] [27 17] [27 12] [26 0] [22 15] [21 0] [32 16] [21 38] [26 5] [15 16] [18 6] [33 7] [21 26] [15 32] [14 23] [32 1] [16 11] [16 0] [20 32]
 327 [23 1] [32 4] [14 13] [20 15] [33 9] [26 16] [5 15] [16 3] [15 36] [17 27] [21 20] [15 8] [28 9] [0 32] [1 5] [15 19] [20 39] [22 10] [20 33] [31 15]
 329 [19 17] [15 37] [22 1] [20 36] [1 24] [19 27] [14 9] [32 0] [25 8] [27 2] [30 8] [32 14] [14 14] [20 10] [16 4] [14 31] [5 4] [19 22] [14 23] [27 15]
 328 [18 38] [19 23] [26 5] [17 7] [17 33] [24 12] [29 10] [31 15] [3 29] [16 18] [17 28] [14 23] [32 3] [18 1] [12 3] [38 3] [15 12] [23 0] [25 17] [5 2]
 330 [25 11] [15 29] [5 39] [15 24] [1 18] [31 4] [20 23] [19 10] [25 6] [32 11] [18 5] [17 0] [31 17] [22 17] [20 31] [21 39] [24 1] [14 16] [14 10] [16 36]
 331
 332
 333
 334
 335
 336
 337
 338
 339
 340
 341 [33 4] [21 39] [30 25] [21 20] [23 11] [28 32] [31 12] [25 1] [15 39] [33 37]
 342 [18 8] [26 19] [21 1] [29 1] [33 36] [28 24] [15 29] [30 30] [31 10] [22 29]
 343 [28 35] [19 35] [32 22] [33 3] [19 16] [29 27] [17 2] [29 8] [28 15] [22 4]
 344 [26 35] [33 36] [33 6] [28 1] [27 22] [16 21] [29 11] [26 17] [32 21] [32 27]
 345 [29 29] [28 4] [29 36] [24 19] [18 7] [18 32] [18 24] [20 39] [18 0] [29 13]
 346 [33 17] [33 10] [24 16] [32 0] [27 1] [25 10] [19 22] [18 13] [20 0] [19 35]
 347 [20 24] [19 17] [32 17] [25 12] [19 9] [14 11] [31 8] [32 3] [20 3] [21 30]
 348 [30 10] [25 14] [20 3] [26 5] [31 4] [32 16] [20 13] [18 24] [16 38] [19 32]
 349 [26 6] [32 2] [14 8] [32 17] [20 29] [33 7] [26 13] [16 39] [24 1] [19 20]
 350 [24 5] [21 26] [25 16] [31 0] [30 5] [21 39] [19 15] [16 36] [30 17] [19 21]
 351 [15 30] [15 36] [27 30] [20 3] [31 14] [33 22] [33 39] [33 27] [22 28] [22 35] [32 4] [21 9] [18 21] [27 23] [15 4] [28 35] [25 15] [20 16] [27 8] [27 2]
 352 [27 30] [32 0] [31 23] [25 23] [23 37] [26 13] [17 22] [23 8] [32 17] [17 2] [16 39] [22 31] [33 6] [31 12] [17 15] [23 3] [32 33] [33 39] [17 34] [23 18]
 353 [21 0] [19 30] [27 35] [17 17] [22 36] [26 5] [33 19] [32 32] [23 16] [25 28] [28 19] [16 38] [30 26] [19 10] [27 11] [15 4] [33 38] [31 4] [23 23] [33 13]
 354 [28 13] [23 33] [25 25] [31 26] [21 8] [20 22] [17 35] [33 14] [33 8] [30 20] [33 2] [28 36] [16 0] [33 38] [25 20] [27 5] [18 13] [22 0] [15 7] [33 33]
 355 [16 2] [24 19] [33 29] [15 16] [19 24] [27 30] [31 6] [21 0] [25 9] [31 19] [31 11] [20 13] [29 38] [32 1] [24 37] [27 0] [19 32] [18 39] [25 24] [32 24]
 357 [16 22] [14 28] [14 16] [23 7] [9 18] [20 1] [21 27] [25 18] [28 5] [28 0] [18 34] [15 0] [33 4] [2 3] [33 9] [18 8] [18 39] [30 18] [19 15] [25 13]
 356 [14 1] [22 5] [15 19] [31 6] [32 1] [26 0] [20 39] [14 6] [20 20] [14 11] [7 31] [33 15] [15 39] [20 29] [21 0] [28 14] [19 11] [20 34] [15 30] [15 25]
 359 [14 31] [26 8] [20 10] [33 7] [25 0] [33 13] [18 37] [19 5] [20 25] [32 2] [15 14] [20 32] [14 5] [20 18] [28 17] [33 18] [18 0] [14 22] [2 9] [5 37]
 358 [15 38] [21 32] [21 38] [25 16] [19 15] [21 27] [18 1] [31 9] [15 10] [15 23] [14 15] [22 9] [13 3] [21 22] [31 14] [16 31] [32 0] [0 20] [2 1] [26 2]
 360 [16 18] [31 0] [14 4] [7 28] [5 0] [24 15] [30 12] [30 6] [8 39] [18 30] [24 10] [19 24] [33 18] [37 2] [19 0] [25 4] [17 35] [16 11] [14 23] [19 6]
 362
 361
 363
 364
 365
 366
 367
 371 [17 33] [29 9] [21 13] [18 8] [25 37] [17 27] [30 18] [33 4] [20 0] [26 31]
 369
 368
 370
 372 [32 21] [29 26] [31 32] [30 1] [31 12] [22 30] [27 19] [17 39] [23 10] [33 37]
 373 [21 15] [33 28] [24 28] [21 10] [33 8] [21 33] [20 4] [27 36] [30 22] [25 22]
 374 [20 2] [26 0] [26 20] [19 14] [24 37] [33 26] [32 21] [30 37] [15 29] [29 9]
 375 [19 17] [29 0] [30 26] [25 32] [28 19] [27 13] [23 38] [33 38] [31 6] [14 38]
 376 [24 5] [33 11] [23 0] [21 30] [19 9] [33 16] [18 21] [19 16] [32 0] [28 14]
 377 [26 8] [18 6] [25 0] [17 17] [31 10] [28 17] [32 1] [18 24] [15 36] [23 17]
 378 [32 18] [20 31] [20 22] [28 1] [16 13] [22 3] [21 38] [14 6] [28 10] [27 17]
 379 [23 15] [22 0] [21 30] [16 33] [31 14] [33 8] [17 9] [25 10] [16 28] [29 3]
 381 [31 13] [31 27] [31 39] [26 21] [18 7] [15 32] [19 39] [25 14] [33 8] [24 27] [27 8] [23 34] [30 2] [33 18] [16 1] [31 33] [18 12] [19 26] [24 3] [18 19]
 380 [24 11] [17 16] [29 15] [17 0] [33 9] [21 23] [33 3] [20 5] [19 30] [19 10]
 383 [28 18] [27 3] [16 35] [21 17] [29 32] [16 27] [32 1] [33 7] [26 12] [20 9] [15 19] [23 35] [28 39] [15 8] [33 18] [23 29] [31 12] [21 23] [32 23] [19 2]
 382 [31 27] [19 19] [30 17] [32 22] [19 4] [19 9] [14 5] [15 31] [24 36] [33 39] [31 8] [24 29] [24 1] [24 8] [22 14] [32 34] [23 24] [30 3] [19 36] [18 24]
 384 [21 31] [28 22] [28 1] [27 36] [27 31] [23 3] [22 21] [33 4] [33 39] [32 11] [17 18] [15 9] [23 15] [33 21] [32 33] [22 8] [22 39] [28 16] [16 33] [28 6]
 385 [21 17] [25 36] [27 0] [33 31] [29 16] [18 12] [31 11] [33 24] [17 3] [33 4] [26 10] [19 38] [16 18] [33 36] [20 30] [28 31] [28 5] [24 25] [22 4] [19 24]
 386 [14 37] [33 0] [29 18] [29 12] [24 15] [15 3] [20 34] [15 30] [15 24] [2 4] [21 21] [23 8] [28 3] [21 27] [16 10] [22 3] [19 15] [33 5] [20 39] [14 15]
 387 [17 20] [22 0] [32 9] [17 13] [14 1] [19 35] [22 18] [30 15] [37 16] [9 31] [17 7] [14 39] [14 29] [14 34] [4 0] [24 9] [2 10] [19 27] [1 17] [31 4]
 389 [4 29] [19 35] [25 13] [17 13] [24 18] [29 18] [23 0] [18 3] [25 7] [20 30] [33 4] [32 9] [14 39] [14 28] [16 19] [9 21] [14 33] [18 8] [20 24] [28 0]
 388 [24 14] [23 0] [14 13] [9 36] [0 20] [29 12] [17 8] [31 18] [38 9] [15 39] [18 19] [29 5] [19 13] [18 2] [20 37] [13 26] [18 25] [29 0] [22 8] [17 32]
 390 [15 26] [21 39] [23 17] [21 0] [33 17] [28 14] [29 8] [20 27] [20 33] [16 3] [15 33] [15 39] [24 5] [32 1] [17 8] [26 0] [15 21] [22 11] [17 13] [20 22]
 391
 392
 393
 394
 395
 396
 397
 398
 399
 400
 401 [33 4] [29 17] [19 6] [28 29] [28 6] [23 12] [23 35] [18 16] [18 25] [32 37]
 402 [22 0] [32 6] [20 6] [33 33] [30 24] [25 37] [29 0] [30 19] [31 11] [23 22]
 403 [27 18] [27 0] [18 21] [26 28] [29 10] [32 16] [20 11] [31 5] [25 34] [31 39]
 404 [25 23] [21 6] [30 1] [20 32] [27 29] [32 21] [22 15] [32 31] [26 6] [31 14]
 405 [25 39] [31 36] [30 7] [33 22] [18 15] [23 19] [23 30] [33 1] [32 13] [27 13]
 407 [31 12] [27 6] [19 17] [18 2] [30 1] [25 18] [19 33] [32 6] [16 26] [26 13]
 406 [19 38] [26 16] [31 10] [19 9] [19 22] [17 3] [23 3] [33 0] [33 17] [32 5]
 408 [25 3] [18 21] [23 18] [31 15] [25 13] [33 5] [33 10] [15 38] [20 8] [18 30]
 409 [16 22] [21 30] [33 6] [27 1] [29 11] [15 6] [19 17] [32 16] [26 17] [18 11]
 410 [17 38] [33 1] [28 0] [19 23] [22 3] [19 29] [28 5] [22 12] [20 17] [28 14]
 411 [21 39] [32 38] [18 26] [18 31] [33 22] [27 36] [15 2] [33 10] [21 0] [23 30] [27 3] [29 28] [27 10] [28 15] [28 20] [23 18] [16 21] [20 9] [33 4] [33 33]
 412 [18 35] [19 13] [21 19] [27 39] [33 15] [19 30] [28 14] [30 25] [33 9] [19 8] [16 2] [28 9] [30 4] [32 34] [14 15] [22 0] [16 25] [27 30] [32 39] [31 20]
 414 [14 23] [32 37] [27 26] [32 11] [14 2] [25 8] [27 13] [25 35] [30 20] [20 11] [15 9] [16 16] [21 18] [33 27] [21 3] [22 28] [31 32] [30 3] [17 37] [17 29]
 413 [24 9] [33 15] [24 19] [24 29] [33 39] [16 12] [18 6] [32 8] [27 14] [29 27] [17 0] [32 3] [19 33] [24 3] [31 20] [23 24] [23 39] [30 32] [17 23] [24 34]
 415 [17 17] [20 29] [22 37] [31 24] [29 31] [28 36] [24 24] [16 4] [33 7] [22 1] [19 22] [27 9] [15 9] [24 15] [32 2] [21 8] [32 16] [33 37] [17 37] [27 2]
 416 [0 3] [28 2] [14 23] [32 18] [15 39] [18 28] [21 20] [27 16] [18 33] [14 0] [33 4] [28 7] [4 39] [15 17] [20 6] [14 9] [21 0] [21 38] [20 15] [33 13]
 417 [14 7] [12 12] [30 2] [6 6] [10 21] [16 25] [26 18] [17 2] [17 16] [4 32] [26 12] [17 30] [24 6] [22 0] [14 38] [32 15] [20 11] [31 10] [21 24] [20 36]
 418 [21 31] [16 30] [25 10] [14 39] [26 18] [33 2] [23 2] [19 25] [20 9] [31 14] [14 25] [28 2] [15 8] [5 27] [1 20] [18 20] [20 38] [18 14] [18 2] [32 7]
 421
 419 [25 9] [14 30] [19 32] [14 17] [20 17] [19 23] [14 39] [32 1] [19 38] [20 11] [33 17] [27 16] [16 0] [21 0] [19 5] [14 22] [14 7] [30 10] [15 12] [27 0]
 420 [15 39] [28 1] [23 1] [33 0] [17 20] [15 12] [22 18] [28 10] [22 9] [30 17] [3 20] [9 7] [18 32] [7 14] [15 25] [38 6] [14 4] [20 25] [20 38] [33 8]
 422
 423
 425
 424
 426
 427
 428
 429
 431 [25 10] [33 5] [27 38] [26 20] [26 5] [29 30] [29 0] [20 33] [33 18] [19 13]
 430
 432 [31 26] [19 27] [33 31] [23 38] [19 18] [26 26] [21 33] [32 11] [27 12] [22 2]
 433 [25 12] [32 27] [22 22] [32 20] [30 8] [23 7] [20 35] [21 30] [28 0] [30 37]
 434 [19 9] [30 26] [17 24] [24 10] [23 20] [28 37] [22 30] [23 0] [30 5] [32 0]
 435 [32 1] [25 18] [17 5] [26 26] [23 31] [26 0] [32 6] [27 10] [30 32] [33 21]
 436 [21 38] [18 6] [20 22] [31 10] [32 18] [20 1] [17 14] [27 5] [19 29] [33 3]
 437 [30 5] [19 0] [14 38] [30 11] [19 36] [19 6] [19 15] [18 31] [28 18] [33 17]
 438 [30 17] [32 0] [29 12] [21 15] [20 21] [16 27] [30 7] [21 27] [18 34] [24 10]
 439 [17 5] [21 23] [17 28] [20 37] [16 20] [25 2] [21 10] [27 18] [33 6] [28 10]
 440 [29 0] [16 24] [26 9] [17 7] [26 16] [31 16] [31 6] [20 13] [20 1] [18 29]
 441 [28 20] [32 4] [20 39] [33 19] [28 33] [17 20] [16 34] [17 13] [24 12] [22 31] [23 5] [29 9] [15 25] [33 36] [28 27] [23 0] [33 29] [18 4] [30 14] [22 23]
 442 [23 3] [26 9] [19 36] [23 31] [26 26] [28 31] [25 36] [16 1] [31 39] [18 15] [27 14] [20 9] [15 30] [23 19] [32 9] [29 2] [32 22] [33 15] [33 29] [21 24]
 443 [32 10] [33 34] [17 34] [16 12] [23 5] [17 6] [24 38] [29 39] [27 20] [30 4] [33 21] [22 31] [23 26] [27 32] [27 13] [22 16] [15 18] [21 11] [33 16] [32 27]
 444 [28 13] [23 25] [16 7] [28 20] [33 19] [16 2] [28 1] [33 2] [33 38] [21 35] [18 29] [33 25] [31 31] [20 20] [26 32] [23 13] [27 39] [30 7] [21 5] [18 12]
 445 [32 14] [31 38] [22 16] [21 0] [23 6] [24 11] [17 32] [18 37] [26 31] [31 3] [27 19] [32 20] [16 24] [16 11] [21 25] [30 9] [32 27] [31 32] [24 38] [26 26]
 446 [33 6] [33 14] [28 9] [27 16] [21 22] [27 3] [6 16] [17 37] [14 30] [14 25] [18 2] [15 9] [8 29] [16 19] [21 17] [33 0] [22 8] [19 28] [16 14] [5 3]
 447 [4 35] [20 24] [15 19] [16 35] [18 3] [15 30] [15 14] [25 4] [27 10] [31 4] [20 30] [29 15] [20 13] [20 18] [15 25] [20 8] [32 10] [15 9] [37 12] [21 35]
 448 [20 6] [17 26] [24 18] [30 18] [33 3] [26 1] [25 12] [14 13] [15 39] [14 8] [16 1] [19 20] [32 12] [25 7] [17 32] [20 37] [14 18] [21 1] [19 15] [3 31]
 449 [15 8] [15 19] [28 13] [26 7] [33 11] [23 0] [20 8] [14 38] [31 5] [21 13] [15 14] [17 31] [19 37] [21 18] [20 26] [5 23] [14 25] [29 0] [18 0] [29 18]
 450 [21 26] [22 12] [16 26] [14 7] [15 20] [27 18] [20 21] [26 4] [14 35] [9 14] [19 32] [33 4] [33 18] [27 9] [33 10] [19 6] [15 0] [20 1] [19 37] [17 15]
 451
 452
 453
 454
 455
 456
 457
 458
 459
 461 [24 20] [30 0] [20 32] [30 39] [33 31] [23 7] [32 20] [24 0] [24 39] [27 27]
 460
 462 [32 34] [25 32] [20 39] [33 21] [26 18] [24 8] [25 37] [27 2] [33 15] [29 8]
 463 [25 30] [27 16] [33 11] [20 17] [28 21] [28 3] [17 23] [31 32] [29 37] [33 26]
 464 [28 26] [22 5] [27 16] [18 20] [20 38] [31 21] [27 0] [33 36] [22 30] [25 39]
 465 [21 35] [27 9] [21 6] [25 26] [33 36] [27 35] [30 28] [28 4] [31 17] [25 16]
 466 [30 10] [21 36] [32 0] [27 3] [21 13] [30 17] [18 2] [20 22] [19 27] [33 5]
 467 [21 17] [31 1] [21 0] [25 11] [28 17] [26 0] [21 24] [19 34] [25 6] [32 7]
 468 [28 16] [21 20] [18 11] [20 28] [32 8] [25 5] [33 16] [18 6] [32 2] [20 36]
 471 [23 36] [20 14] [32 21] [28 0] [33 27] [27 21] [19 7] [20 19] [23 1] [15 13] [21 31] [16 36] [15 1] [32 9] [31 15] [21 25] [28 36] [33 36] [27 6] [26 30]
 469 [18 29] [20 36] [31 0] [19 5] [27 16] [23 0] [20 21] [30 7] [32 13] [21 13]
 470 [30 18] [33 12] [15 12] [14 1] [15 28] [25 4] [21 19] [23 11] [30 0] [20 37]
 472 [30 8] [25 38] [33 29] [33 24] [24 12] [21 17] [16 0] [20 35] [32 1] [31 39] [21 7] [30 15] [27 32] [24 24] [32 34] [22 1] [18 25] [14 37] [27 1] [16 9]
 473 [23 4] [33 23] [15 37] [28 19] [31 5] [20 33] [33 18] [29 0] [22 27] [31 12] [26 13] [17 0] [17 22] [26 39] [23 21] [33 28] [26 32] [19 13] [18 7] [32 37]
 474 [24 39] [33 26] [28 8] [17 32] [30 39] [17 8] [18 21] [26 26] [20 2] [30 2] [14 38] [15 3] [15 27] [30 19] [20 14] [33 10] [23 21] [33 31] [28 33] [26 14]
 475 [25 24] [33 29] [33 19] [17 26] [28 33] [20 33] [20 2] [32 1] [30 24] [28 13] [18 17] [15 33] [21 12] [33 35] [33 11] [23 7] [29 6] [27 19] [25 0] [23 39]
 477 [20 15] [14 22] [20 37] [1 13] [2 3] [32 4] [21 22] [11 6] [14 16] [15 38] [22 0] [16 2] [17 10] [27 0] [10 35] [17 29] [25 11] [31 11] [23 5] [29 16]
 478 [33 16] [14 18] [19 18] [19 36] [21 12] [14 30] [16 12] [26 18] [26 10] [7 27] [18 7] [30 4] [25 2] [37 7] [14 35] [18 25] [12 2] [32 10] [20 30] [18 2]
 476 [25 2] [14 16] [14 27] [15 21] [25 8] [15 39] [18 3] [30 8] [20 10] [20 29] [6 25] [14 11] [30 0] [33 14] [28 17] [39 15] [23 16] [21 21] [21 35] [14 33]
 479 [19 16] [18 9] [15 39] [20 24] [26 17] [24 1] [15 34] [14 29] [5 2] [14 14] [21 38] [14 24] [24 10] [29 11] [14 19] [14 3] [31 16] [19 1] [32 3] [20 29]
 481
 482
 480 [25 16] [20 13] [19 24] [19 19] [32 12] [18 31] [27 8] [33 1] [39 8] [17 0] [14 37] [25 1] [2 18] [15 7] [21 8] [14 23] [15 14] [33 6] [19 39] [31 17]
 483
 484
 485
 486
 488
 487
 491 [19 12] [14 2] [30 7] [27 20] [32 35] [28 1] [28 13] [25 25] [31 30] [32 23]
 489
 490
 492 [22 6] [33 39] [33 26] [29 5] [22 24] [17 10] [31 21] [21 1] [31 10] [26 39]
 493 [24 39] [15 2] [25 6] [20 13] [20 32] [20 20] [27 14] [31 0] [31 36] [30 30]
 494 [28 13] [30 24] [28 2] [23 16] [24 8] [20 2] [33 6] [33 29] [25 26] [33 36]
 495 [27 30] [25 11] [22 29] [33 30] [30 14] [20 0] [27 19] [17 5] [20 15] [26 38]
 496 [31 18] [17 5] [23 4] [30 1] [19 10] [19 28] [26 17] [31 6] [19 16] [24 9]
 497 [30 15] [17 20] [25 3] [31 6] [15 27] [32 1] [19 0] [21 28] [20 6] [24 14]
 498 [24 4] [21 22] [30 5] [17 7] [21 28] [32 15] [22 13] [32 0] [18 38] [27 11]
 500 [33 4] [19 27] [19 15] [14 25] [33 9] [25 16] [20 8] [28 10] [16 1] [18 35]
 501 [26 10] [23 37] [21 9] [17 1] [32 6] [17 33] [15 27] [21 28] [32 38] [32 20] [23 4] [14 7] [17 38] [26 15] [32 12] [21 21] [18 14] [27 24] [29 1] [29 29]
 499 [33 11] [33 1] [17 27] [17 4] [24 1] [31 16] [19 18] [28 11] [23 11] [21 35]
 502 [23 36] [25 23] [22 3] [28 16] [17 36] [32 2] [33 9] [33 15] [17 7] [29 32] [27 1] [15 13] [23 14] [33 22] [16 20] [24 28] [33 27] [18 29] [31 39] [27 6]
 503 [33 28] [25 26] [22 37] [25 1] [31 1] [23 20] [30 23] [18 28] [19 1] [32 33] [30 11] [17 8] [28 17] [31 6] [25 32] [33 16] [15 37] [30 39] [21 15] [24 9]
 504 [25 34] [19 12] [19 34] [24 39] [33 33] [33 5] [31 0] [32 24] [16 17] [25 7] [17 1] [25 0] [20 6] [27 19] [26 14] [21 20] [32 38] [22 25] [33 17] [31 10]
 505 [24 1] [32 19] [26 19] [20 20] [15 4] [32 32] [24 31] [17 26] [18 12] [15 36] [30 24] [25 25] [29 0] [20 36] [29 10] [31 39] [33 5] [23 12] [26 39] [21 6]
 506 [20 27] [14 19] [24 17] [3 22] [15 39] [31 11] [31 0] [17 0] [21 36] [15 34] [15 8] [3 35] [19 18] [29 16] [23 1] [18 13] [20 7] [30 5] [25 9] [15 26]
 507 [14 21] [18 31] [32 18] [33 0] [30 6] [18 10] [21 25] [20 15] [8 22] [27 18] [27 0] [20 20] [18 1] [5 31] [14 26] [26 11] [15 16] [25 5] [18 36] [32 11]
 508 [33 17] [16 3] [15 27] [27 17] [20 16] [19 39] [27 12] [14 21] [16 9] [26 7] [16 33] [21 11] [33 11] [21 32] [15 15] [25 0] [21 23] [14 39] [21 6] [33 4]
 510 [9 28] [31 6] [22 12] [29 18] [16 24] [20 17] [17 35] [21 24] [6 5] [25 1] [20 0] [19 5] [30 1] [14 4] [18 29] [25 6] [17 10] [14 19] [29 13] [3 29]
 509 [32 0] [15 9] [33 10] [29 15] [27 9] [16 38] [32 5] [21 32] [21 37] [16 1] [3 4] [20 9] [18 24] [21 15] [16 31] [14 14] [15 19] [27 1] [10 0] [21 4]
 511
 512
 513
 514
 515
 516
 517
 518
 520
 519
 521 [27 33] [27 38] [23 15] [30 8] [14 25] [31 27] [27 0] [18 20] [20 35] [25 22]
 523 [32 1] [16 32] [25 38] [32 29] [23 25] [25 4] [31 15] [31 35] [32 6] [17 25]
 522 [18 21] [19 0] [28 3] [30 18] [25 34] [30 13] [33 2] [32 29] [17 35] [18 29]
 524 [32 30] [31 21] [21 27] [16 12] [21 36] [28 1] [30 36] [31 6] [14 27] [22 19]
 525 [32 14] [27 5] [33 4] [27 29] [14 26] [31 21] [26 13] [21 14] [25 23] [26 36]
 526 [20 34] [30 0] [21 3] [19 18] [21 28] [18 10] [25 11] [33 6] [30 14] [28 5]
 527 [24 15] [24 3] [33 6] [20 22] [18 6] [32 0] [32 12] [18 17] [19 32] [33 18]
 528 [20 9] [19 25] [19 35] [28 10] [33 10] [16 30] [29 16] [24 3] [19 4] [30 4]
 530 [30 14] [31 3] [32 9] [18 25] [24 5] [20 32] [24 16] [19 6] [15 20] [14 10]
 529 [31 0] [33 9] [23 17] [22 11] [28 8] [21 35] [32 18] [18 0] [16 32] [19 24]
 531 [27 1] [30 6] [26 33] [33 21] [32 0] [17 19] [23 22] [16 35] [31 14] [28 22] [18 8] [33 29] [25 38] [23 28] [23 15] [30 38] [18 24] [20 0] [24 6] [28 28]
 532 [23 0] [15 8] [28 8] [23 5] [16 17] [18 2] [32 0] [18 37] [23 27] [26 32] [33 8] [24 20] [31 32] [18 30] [30 14] [25 14] [18 24] [32 26] [29 21] [33 39]
 533 [17 36] [33 15] [27 25] [18 28] [30 20] [33 6] [32 28] [20 13] [21 7] [16 8] [27 36] [33 1] [20 23] [27 30] [33 35] [28 1] [26 15] [22 2] [22 34] [28 9]
 534 [33 9] [33 27] [19 6] [33 19] [18 20] [27 1] [24 32] [32 14] [22 25] [32 4] [28 27] [16 30] [20 15] [22 1] [21 38] [32 36] [25 19] [27 39] [15 13] [26 10]
 535 [25 28] [19 27] [26 17] [32 19] [32 24] [31 11] [32 29] [19 34] [33 35] [19 0] [26 12] [22 39] [26 23] [24 6] [30 1] [20 18] [28 38] [17 7] [26 33] [18 12]
 536 [15 33] [30 0] [25 9] [15 20] [31 5] [14 27] [18 10] [32 12] [32 17] [23 4] [20 39] [18 3] [15 38] [4 24] [20 20] [9 6] [20 32] [16 15] [19 26] [23 14]
 537 [21 29] [14 26] [28 12] [32 18] [25 7] [16 13] [15 33] [4 9] [2 29] [24 2] [19 8] [16 39] [21 37] [18 20] [14 7] [33 10] [35 4] [18 0] [29 1] [23 17]
 538 [21 20] [24 0] [8 34] [33 9] [28 16] [6 2] [17 34] [14 39] [1 26] [17 0] [33 18] [18 9] [26 9] [21 26] [16 26] [29 0] [17 14] [22 15] [16 20] [19 39]
 539 [23 3] [33 7] [15 15] [19 21] [31 1] [21 12] [9 8] [14 35] [17 1] [14 23] [33 18] [7 35] [8 23] [26 18] [33 12] [15 30] [26 9] [19 35] [21 27] [15 9]
 541
 540 [14 21] [19 22] [22 9] [15 38] [16 2] [15 7] [20 39] [18 28] [17 33] [31 8] [33 2] [17 13] [37 14] [36 7] [12 31] [25 4] [1 3] [9 36] [29 14] [22 17]
 542
 543
 544
 545
 546
 547
 548
 549
 550
 551 [29 15] [32 10] [21 16] [31 24] [16 14] [33 35] [28 2] [26 24] [22 33] [33 30]
 552 [25 27] [33 21] [27 13] [15 9] [32 1] [22 34] [22 2] [31 32] [32 8] [20 11]
 553 [33 17] [33 35] [26 24] [25 6] [23 39] [20 24] [23 34] [33 29] [30 3] [25 17]
 554 [32 32] [28 26] [16 36] [30 12] [27 38] [33 23] [22 33] [31 6] [25 12] [27 17]
 555 [29 34] [31 27] [15 16] [20 12] [32 0] [25 16] [20 23] [29 8] [31 20] [25 2]
 557 [19 36] [21 23] [25 15] [18 15] [18 29] [31 15] [26 5] [31 10] [25 0] [32 1]
 556 [17 31] [19 24] [30 3] [25 9] [22 18] [20 6] [19 36] [29 14] [18 12] [25 3]
 558 [16 8] [29 14] [20 0] [16 27] [21 34] [28 3] [17 18] [33 3] [14 13] [22 7]
 559 [20 19] [23 5] [32 16] [27 16] [21 14] [14 17] [19 27] [31 7] [19 35] [31 0]
 561 [28 0] [15 27] [23 18] [32 38] [33 2] [28 20] [26 39] [26 12] [25 7] [27 33] [22 0] [22 25] [20 35] [20 12] [31 11] [18 7] [33 16] [33 26] [27 26] [33 31]
 560 [22 15] [22 1] [33 2] [31 10] [26 8] [20 35] [28 1] [16 12] [27 15] [17 17]
 563 [21 17] [32 16] [29 31] [28 1] [15 17] [26 26] [33 1] [30 6] [32 26] [16 36] [29 39] [17 22] [22 36] [17 6] [27 14] [27 20] [21 30] [23 0] [23 9] [33 21]
 562 [18 32] [23 18] [16 7] [24 37] [22 2] [17 2] [18 38] [28 3] [28 25] [25 31] [18 17] [28 15] [33 30] [33 1] [33 13] [21 24] [33 21] [33 38] [26 9] [33 8]
 564 [23 22] [24 35] [27 11] [18 33] [18 8] [33 39] [14 14] [15 23] [33 34] [32 23] [27 28] [19 38] [31 16] [29 0] [22 15] [33 7] [28 6] [23 2] [32 28] [22 28]
 565 [30 2] [16 15] [17 10] [24 10] [33 17] [21 38] [18 32] [23 5] [21 25] [21 19] [18 3] [31 8] [14 20] [32 25] [24 30] [28 36] [26 25] [27 16] [33 39] [29 30]
 567 [23 16] [15 11] [20 21] [33 9] [14 34] [27 11] [22 9] [20 28] [33 4] [15 29] [21 37] [28 2] [15 22] [16 39] [21 2] [16 0] [18 16] [28 16] [16 5] [33 18]
 566 [27 1] [21 18] [17 34] [28 6] [27 16] [7 17] [16 21] [20 28] [33 0] [17 39] [17 10] [19 2] [33 7] [33 14] [16 16] [14 1] [21 23] [14 26] [1 38] [24 11]
 569 [14 8] [31 14] [19 10] [7 35] [16 21] [26 0] [22 16] [33 6] [18 31] [14 26] [15 37] [21 0] [9 3] [21 39] [2 28] [21 23] [16 1] [31 1] [25 9] [14 13]
 568 [15 26] [17 18] [14 6] [20 24] [18 1] [21 31] [33 2] [25 17] [26 7] [14 32] [31 12] [26 12] [14 11] [28 1] [32 17] [21 12] [32 7] [17 38] [23 1] [19 6]
 570 [19 23] [15 18] [14 31] [26 10] [33 9] [26 4] [15 12] [20 16] [20 9] [20 4] [31 2] [14 39] [31 14] [14 7] [2 36] [21 35] [20 29] [25 17] [14 23] [14 1]
 571
 572
 573
 574
 575
 576
 577
 578
 579
 580
 581 [21 12] [29 36] [19 6] [27 2] [17 36] [31 24] [21 20] [15 23] [23 27] [20 0]
 582 [28 22] [25 38] [21 32] [20 18] [14 0] [27 10] [29 33] [25 15] [29 28] [33 6]
 583 [32 24] [33 39] [25 24] [26 39] [32 30] [25 15] [32 8] [26 34] [31 19] [20 38]
 585 [22 2] [27 35] [28 4] [23 28] [30 10] [24 9] [33 18] [29 28] [32 23] [20 21]
 584 [23 28] [26 16] [25 39] [25 1] [32 37] [20 33] [33 23] [30 10] [21 9] [27 23]
 586 [27 1] [22 3] [18 24] [32 7] [18 39] [20 33] [32 12] [27 11] [21 8] [21 19]
 587 [21 23] [33 14] [32 2] [24 18] [19 9] [14 10] [20 28] [18 0] [24 10] [26 1]
 588 [28 14] [21 18] [33 16] [20 38] [32 2] [26 4] [31 7] [17 26] [23 12] [18 8]
 589 [21 16] [24 8] [18 23] [21 36] [17 1] [32 16] [30 4] [19 28] [16 18] [29 11]
 590 [17 0] [25 5] [26 12] [26 17] [20 14] [21 35] [26 0] [33 10] [33 16] [32 5]
 592 [27 25] [29 9] [31 4] [32 18] [26 32] [24 6] [20 31] [16 21] [14 31] [27 15] [22 13] [21 0] [21 19] [18 26] [26 39] [31 36] [16 15] [18 37] [17 6] [33 27]
 593 [29 32] [17 6] [30 27] [17 34] [24 26] [26 9] [32 4] [26 14] [33 10] [20 1] [20 15] [29 22] [21 20] [23 33] [32 38] [27 0] [31 16] [23 39] [19 26] [15 17]
 591 [27 38] [31 13] [27 18] [31 33] [19 25] [27 0] [16 7] [22 1] [22 15] [22 6] [15 32] [26 24] [21 37] [33 39] [31 27] [17 17] [27 7] [32 19] [33 8] [24 29]
 594 [24 0] [19 35] [19 30] [27 19] [31 39] [24 36] [20 13] [21 22] [26 29] [33 0] [27 9] [33 8] [19 6] [26 24] [32 14] [31 31] [32 26] [33 21] [15 20] [18 1]
 595 [19 24] [17 0] [27 31] [17 15] [16 39] [33 39] [16 29] [28 36] [30 24] [29 13] [23 36] [32 5] [31 0] [20 9] [27 5] [33 18] [28 19] [24 24] [22 14] [33 30]
 597 [10 1] [18 0] [25 14] [6 24] [20 21] [14 31] [23 1] [9 19] [3 14] [20 26] [23 9] [30 14] [6 8] [32 1] [19 35] [14 22] [17 16] [29 6] [14 36] [18 8]
 599 [24 18] [17 20] [18 27] [14 1] [20 9] [31 9] [15 32] [19 15] [2 9] [25 1] [0 32] [17 39] [14 15] [29 15] [20 2] [9 9] [14 6] [21 32] [26 6] [32 3]
 596 [14 34] [14 13] [25 15] [20 1] [21 20] [18 8] [14 18] [14 28] [16 39] [14 0] [27 8] [19 14] [16 23] [0 6] [33 7] [21 29] [32 15] [21 38] [29 1] [5 39]
 598 [27 0] [14 7] [14 16] [28 9] [20 30] [33 7] [14 1] [14 39] [22 18] [32 1] [22 1] [21 13] [19 7] [0 9] [15 33] [32 15] [18 25] [21 39] [5 32] [27 15]
 600 [14 17] [20 24] [16 35] [32 11] [24 10] [14 24] [17 10] [5 7] [16 4] [22 17] [33 1] [21 35] [28 4] [16 29] [21 29] [21 1] [32 16] [8 28] [33 6] [27 16]
 601
 604
 602
 603
 605
 606
 607
 611 [33 7] [24 17] [31 19] [30 24] [21 22] [26 12] [32 2] [22 28] [32 33] [21 0]
 609
 608
 610
 612 [25 19] [31 17] [21 25] [33 26] [21 38] [18 19] [29 0] [31 8] [24 14] [31 33]
 613 [26 27] [33 11] [22 9] [32 32] [17 1] [26 15] [25 3] [22 36] [33 3] [27 10]
 615 [18 24] [19 0] [22 7] [33 21] [26 21] [23 29] [31 1] [25 14] [33 28] [32 37]
 614 [27 8] [26 23] [20 26] [33 5] [29 36] [26 28] [22 14] [32 15] [32 24] [21 6]
 616 [21 22] [33 1] [21 29] [24 12] [19 14] [31 18] [28 0] [21 7] [31 13] [28 6]
 617 [19 27] [33 18] [29 0] [27 12] [16 12] [28 6] [21 2] [27 17] [21 9] [17 33]
 619 [14 3] [30 6] [21 11] [23 18] [31 1] [19 37] [31 14] [16 30] [23 2] [21 30]
 618 [14 4] [24 18] [24 0] [21 26] [16 36] [25 11] [30 14] [32 9] [17 15] [29 2]
 620 [18 2] [32 13] [27 17] [16 15] [32 18] [14 36] [24 2] [18 22] [30 3] [25 11]
 622 [33 7] [19 30] [17 7] [29 21] [23 18] [16 12] [26 13] [28 2] [31 14] [32 31] [31 36] [33 2] [23 0] [18 1] [25 27] [31 26] [17 25] [24 8] [22 35] [17 36]
 621 [25 34] [27 17] [33 38] [32 21] [33 16] [22 5] [27 3] [22 13] [21 18] [32 26] [24 28] [32 4] [15 17] [27 12] [16 28] [20 38] [16 9] [30 31] [23 23] [32 9]
 623 [28 8] [22 12] [15 19] [17 14] [22 4] [28 32] [30 3] [15 32] [33 22] [33 8] [26 24] [27 16] [16 8] [21 36] [33 34] [33 16] [18 24] [17 3] [29 39] [33 27]
 624 [21 32] [15 11] [31 32] [25 8] [23 1] [16 16] [19 25] [33 39] [16 4] [27 19] [16 39] [30 2] [26 26] [26 39] [30 12] [32 19] [31 7] [33 24] [21 19] [23 14]
 625 [21 34] [24 12] [16 35] [29 10] [32 38] [23 39] [33 25] [30 4] [28 33] [17 7] [16 28] [22 29] [22 24] [27 23] [23 1] [33 17] [17 23] [24 17] [24 7] [19 15]
 626 [14 9] [22 14] [15 25] [28 0] [18 31] [23 0] [20 8] [33 1] [17 36] [28 13] [27 8] [14 14] [15 19] [27 18] [16 2] [21 21] [33 14] [33 8] [20 26] [7 0]
 628 [14 26] [3 39] [24 13] [31 18] [16 8] [16 21] [18 14] [15 36] [21 38] [19 26] [31 12] [24 4] [20 32] [23 18] [2 30] [29 3] [15 31] [17 0] [10 15] [36 0]
 627 [15 33] [32 7] [33 12] [21 35] [16 0] [21 2] [15 15] [19 23] [29 0] [28 18] [27 12] [21 30] [14 39] [20 14] [27 7] [22 9] [14 22] [33 18] [16 6] [14 28]
 629 [15 29] [25 4] [14 23] [39 3] [20 28] [17 35] [27 17] [6 18] [15 18] [27 9] [8 32] [32 15] [18 13] [39 12] [3 8] [32 7] [30 1] [20 19] [16 4] [0 3]
 631
 630 [24 7] [15 31] [21 31] [33 1] [33 7] [3 21] [24 14] [18 17] [21 38] [17 8] [1 28] [11 2] [21 23] [8 29] [38 16] [18 1] [24 1] [16 39] [32 14] [16 25]
 632
 633
 634
 635
 637
 636
 638
 640
 641 [20 33] [16 39] [26 18] [24 1] [24 27] [19 5] [31 22] [29 1] [27 6] [30 11]
 639
 642 [23 32] [30 30] [30 23] [16 27] [28 1] [27 13] [21 1] [25 39] [33 10] [23 8]
 643 [29 24] [18 22] [31 17] [19 0] [22 14] [33 30] [21 36] [26 35] [30 2] [22 28]
 644 [28 13] [23 23] [33 33] [20 36] [16 23] [30 19] [33 38] [29 6] [27 39] [27 32]
 645 [29 39] [22 23] [22 17] [16 3] [32 13] [23 34] [23 1] [18 11] [30 21] [26 6]
 648 [30 0] [30 7] [32 15] [21 34] [24 7] [20 17] [26 16] [21 24] [20 1] [15 23]
 647 [28 11] [21 39] [16 19] [22 15] [33 11] [33 1] [21 5] [19 31] [22 10] [29 16]
 646 [32 17] [31 12] [26 1] [21 11] [26 17] [31 7] [18 30] [16 1] [21 18] [21 2]
 649 [27 11] [23 4] [20 23] [33 9] [28 0] [33 0] [20 18] [20 36] [17 11] [29 16]
 650 [17 15] [18 33] [20 25] [32 9] [29 1] [16 2] [27 18] [27 6] [21 6] [23 12]
 651 [33 16] [15 1] [26 36] [23 12] [20 25] [19 35] [23 0] [33 29] [28 17] [20 6] [28 9] [15 15] [26 25] [32 0] [14 21] [23 19] [33 10] [33 22] [32 39] [20 30]
 652 [17 39] [15 30] [28 21] [28 39] [22 23] [28 1] [17 7] [33 36] [20 0] [28 16] [26 32] [32 8] [27 6] [33 20] [27 11] [31 30] [22 39] [22 8] [16 17] [22 18]
 653 [27 28] [17 9] [27 22] [20 33] [25 33] [33 32] [30 2] [33 27] [30 8] [32 14] [25 11] [33 22] [23 6] [17 39] [15 25] [20 22] [21 17] [30 38] [17 3] [22 0]
 654 [32 2] [16 12] [28 37] [22 34] [31 10] [21 0] [17 22] [24 19] [28 32] [18 27] [33 29] [33 35] [26 26] [17 36] [30 19] [33 24] [23 39] [27 5] [18 5] [26 10]
 655 [31 37] [17 37] [26 8] [31 31] [22 2] [32 26] [27 15] [29 2] [23 39] [28 21] [16 4] [21 26] [16 31] [26 33] [17 10] [26 28] [32 13] [33 18] [31 7] [19 16]
 656 [7 18] [15 9] [23 3] [32 8] [11 3] [17 35] [8 39] [23 9] [16 1] [14 27] [4 25] [19 22] [22 14] [31 17] [2 17] [4 4] [17 17] [29 1] [19 30] [14 22]
 657 [21 39] [14 0] [7 0] [20 26] [15 19] [21 6] [25 0] [32 8] [16 37] [20 0] [15 24] [21 20] [18 14] [33 0] [29 14] [0 9] [27 5] [24 11] [14 5] [17 31]
 660 [14 23] [12 11] [19 23] [27 3] [1 4] [17 9] [33 1] [31 12] [29 17] [15 0] [19 37] [16 16] [22 6] [20 31] [14 37] [22 1] [14 32] [22 18] [23 13] [32 7]
 661
 659 [15 23] [27 9] [32 12] [16 7] [14 39] [22 9] [19 29] [14 29] [17 34] [24 14] [20 22] [14 13] [19 2] [26 2] [14 18] [31 4] [19 39] [14 0] [19 16] [32 17]
 658 [18 16] [15 34] [29 17] [19 24] [14 11] [15 29] [28 2] [10 2] [26 8] [18 39] [19 11] [31 9] [21 0] [24 14] [14 23] [8 36] [20 31] [15 1] [33 4] [17 6]
 662
 663
 665
 664
 667
 666
 668
 671 [30 32] [28 6] [33 1] [23 9] [31 22] [22 39] [24 17] [14 25] [20 25] [15 7]
 673 [31 39] [32 31] [20 13] [26 14] [26 23] [32 25] [29 6] [16 8] [23 37] [26 29]
 672 [26 32] [33 22] [18 33] [23 3] [33 34] [27 9] [20 20] [23 25] [15 28] [31 15]
 670
 669
 674 [33 37] [31 4] [33 31] [23 28] [33 25] [25 17] [30 19] [24 5] [28 11] [18 33]
 676 [19 12] [20 29] [17 7] [30 18] [25 15] [33 2] [21 39] [15 29] [29 9] [22 7]
 675 [22 29] [29 31] [26 19] [26 24] [20 19] [29 39] [31 17] [30 10] [21 9] [31 24]
 677 [20 4] [33 4] [26 8] [28 1] [33 14] [19 23] [15 33] [24 16] [20 39] [20 31]
 678 [26 18] [21 30] [33 3] [24 5] [31 15] [27 10] [17 24] [17 10] [19 37] [16 2]
 679 [24 7] [32 16] [16 17] [18 1] [17 35] [22 14] [32 11] [33 4] [14 30] [19 29]
 680 [32 17] [17 14] [27 4] [32 4] [19 9] [32 9] [25 18] [19 36] [21 3] [19 25]
 681 [24 36] [29 35] [27 29] [20 30] [19 10] [26 1] [17 25] [32 2] [30 8] [19 0] [30 13] [25 10] [33 26] [15 30] [31 19] [14 2] [25 22] [19 36] [18 17] [23 16]
 684 [19 39] [33 17] [33 5] [17 29] [29 0] [28 14] [33 23] [33 31] [33 10] [28 8] [16 4] [18 19] [24 39] [20 34] [22 26] [26 21] [27 30] [21 3] [19 12] [29 36]
 682 [32 36] [30 17] [30 31] [33 11] [23 0] [25 32] [28 11] [17 23] [21 12] [19 28] [25 26] [18 1] [25 38] [31 26] [20 18] [17 35] [18 7] [25 18] [32 2] [24 5]
 685 [23 30] [25 23] [26 15] [29 32] [14 34] [18 6] [31 5] [32 25] [15 1] [18 25] [20 12] [31 19] [19 39] [20 20] [24 39] [31 0] [31 37] [33 11] [26 2] [24 7]
 683 [19 28] [15 11] [30 25] [21 37] [22 15] [25 29] [15 33] [26 4] [32 37] [30 20] [16 6] [25 20] [21 3] [26 38] [33 30] [21 10] [18 20] [29 12] [32 4] [15 0]
 686 [33 11] [18 33] [16 2] [19 16] [14 14] [30 17] [15 27] [25 15] [33 1] [28 1] [28 9] [21 27] [22 9] [33 6] [21 21] [14 22] [15 38] [20 38] [15 9] [22 1]
 687 [3 16] [15 7] [15 24] [17 18] [27 10] [30 17] [21 23] [16 2] [24 18] [33 10] [24 3] [14 31] [15 13] [2 3] [16 37] [31 0] [22 11] [21 37] [33 5] [19 29]
 690 [15 18] [15 7] [19 13] [33 17] [25 18] [31 8] [14 25] [14 12] [15 39] [21 7] [33 2] [21 35] [26 7] [19 28] [19 23] [20 18] [14 30] [24 1] [25 13] [15 0]
 688 [22 10] [24 0] [17 34] [28 10] [19 25] [16 11] [33 4] [11 13] [17 0] [10 18] [24 5] [28 16] [17 39] [14 27] [15 18] [20 17] [17 6] [0 1] [33 16] [33 11]
 691
 689 [21 30] [6 0] [14 20] [33 7] [15 35] [33 12] [28 10] [29 1] [33 17] [14 30] [17 1] [22 4] [18 25] [1 28] [27 17] [20 20] [16 7] [18 14] [21 36] [21 9]
 692
 693
 694
 695
 696
 697
 698
 701 [26 37] [27 7] [33 27] [31 36] [33 16] [25 12] [18 0] [23 31] [32 4] [27 26]
 702 [16 25] [33 37] [26 15] [16 34] [29 10] [30 24] [33 29] [21 35] [24 7] [31 19]
 700
 699
 703 [21 19] [24 38] [33 33] [24 26] [23 11] [27 1] [33 27] [26 31] [33 8] [33 13]
 704 [22 31] [31 33] [29 28] [20 22] [32 6] [23 17] [18 5] [23 39] [32 17] [26 12]
 705 [29 5] [29 24] [26 19] [16 3] [31 19] [33 11] [22 4] [29 34] [23 26] [27 0]
 706 [21 14] [32 17] [16 14] [15 4] [18 29] [29 4] [20 23] [33 12] [22 2] [15 24]
 707 [29 2] [22 0] [24 17] [31 18] [14 13] [28 9] [19 20] [33 9] [18 31] [22 8]
 708 [32 0] [22 2] [27 18] [21 39] [32 6] [32 16] [16 6] [23 13] [25 8] [19 26]
 709 [18 19] [19 0] [25 6] [33 8] [18 11] [26 12] [32 13] [20 28] [19 36] [30 1]
 710 [31 11] [21 26] [18 19] [29 6] [21 7] [20 38] [29 16] [18 31] [20 14] [27 1]
 711 [24 22] [33 15] [26 34] [32 10] [20 11] [19 28] [24 17] [25 39] [29 20] [26 12] [32 1] [19 18] [30 26] [14 28] [16 2] [19 36] [24 3] [31 35] [15 23] [25 29]
 712 [33 10] [32 17] [19 26] [15 13] [17 18] [27 39] [17 33] [33 38] [26 9] [31 33] [21 11] [25 16] [25 2] [31 25] [16 39] [24 30] [22 21] [31 4] [22 37] [19 2]
 713 [27 31] [29 39] [28 1] [17 5] [33 0] [17 39] [22 10] [30 18] [17 11] [22 3] [14 18] [22 19] [33 27] [23 36] [29 11] [15 30] [21 26] [33 5] [28 25] [32 32]
 714 [21 39] [20 1] [33 11] [27 36] [20 9] [33 35] [25 24] [30 5] [19 29] [14 10] [29 29] [20 24] [31 0] [26 11] [20 16] [33 16] [14 30] [26 0] [27 16] [33 22]
 715 [15 10] [30 39] [21 13] [29 32] [30 1] [33 16] [20 7] [33 11] [25 1] [25 8] [28 17] [19 31] [32 6] [23 22] [18 18] [15 36] [24 31] [28 25] [16 0] [25 37]
 716 [20 19] [20 9] [25 0] [19 32] [33 6] [19 3] [14 17] [16 39] [33 14] [14 4] [4 14] [21 38] [21 14] [28 8] [20 24] [15 10] [33 0] [14 24] [27 14] [14 31]
 717 [33 0] [19 0] [21 39] [20 14] [14 0] [33 14] [21 9] [16 30] [17 25] [26 16] [28 4] [15 38] [16 6] [33 5] [21 19] [14 12] [2 4] [15 17] [21 34] [27 10]
 718 [33 3] [24 15] [14 36] [14 23] [24 2] [19 21] [20 32] [30 9] [25 8] [29 15] [7 37] [17 0] [2 3] [17 15] [20 9] [21 26] [14 28] [7 28] [20 39] [15 6]
 719 [32 0] [2 4] [21 15] [20 33] [15 15] [15 38] [33 14] [15 30] [25 1] [19 20] [21 39] [14 24] [22 10] [32 7] [17 1] [16 6] [27 16] [1 21] [27 9] [21 25]
 720 [15 6] [26 18] [22 12] [33 18] [14 39] [33 4] [21 28] [21 22] [15 0] [21 38] [21 17] [17 12] [21 33] [15 23] [30 12] [27 7] [16 33] [15 17] [28 1] [22 4]
 721
 722
 723
 724
 725
 726
 727
 728
 731 [18 5] [27 38] [33 1] [15 23] [25 16] [31 19] [15 13] [32 34] [27 11] [33 25]
 730
 729
 732 [22 37] [32 5] [31 21] [32 30] [17 18] [33 36] [25 25] [22 30] [21 6] [27 5]
 733 [31 4] [33 32] [26 15] [20 1] [26 33] [19 26] [19 16] [25 23] [32 11] [23 38]
 734 [30 20] [31 15] [27 4] [24 24] [30 27] [31 34] [18 5] [23 18] [16 30] [23 37]
 735 [33 39] [30 22] [24 3] [28 31] [25 11] [24 36] [20 23] [31 10] [19 8] [32 2]
 736 [17 14] [31 5] [23 15] [28 15] [26 8] [18 3] [33 17] [17 23] [20 34] [20 28]
 737 [18 28] [30 13] [30 18] [22 15] [29 6] [15 2] [31 0] [17 15] [18 9] [23 9]
 738 [27 11] [16 29] [20 10] [17 0] [23 16] [15 10] [15 24] [30 17] [29 3] [24 2]
 739 [23 13] [19 4] [18 37] [28 14] [24 5] [17 10] [27 0] [33 3] [30 8] [21 30]
 740 [33 2] [26 1] [17 17] [33 18] [14 8] [24 7] [20 26] [33 13] [18 32] [33 7]
 741 [22 1] [26 18] [26 12] [17 2] [32 22] [17 23] [22 24] [33 17] [33 0] [28 1] [25 7] [25 31] [32 9] [20 17] [31 27] [33 36] [14 39] [18 12] [17 28] [27 36]
 742 [18 35] [27 1] [28 26] [33 6] [31 19] [32 11] [33 1] [30 38] [14 28] [33 27] [22 29] [25 34] [17 17] [24 20] [26 9] [18 8] [26 15] [22 3] [19 23] [31 32]
 743 [33 8] [22 10] [26 39] [15 26] [28 7] [28 0] [24 27] [15 32] [32 13] [30 28] [22 33] [30 19] [14 37] [24 19] [33 2] [19 3] [15 21] [17 8] [27 14] [32 35]
 744 [29 0] [14 5] [24 30] [28 23] [27 6] [33 38] [33 23] [19 29] [33 33] [20 10] [31 28] [27 36] [19 36] [20 17] [23 23] [21 4] [27 11] [32 9] [17 23] [30 18]
 745 [28 20] [26 7] [16 16] [28 1] [30 38] [33 18] [33 1] [24 31] [23 1] [24 13] [18 9] [32 11] [23 20] [33 30] [18 27] [16 35] [33 23] [17 22] [23 36] [28 26]
 747 [26 12] [16 2] [23 1] [28 17] [15 7] [1 0] [21 22] [21 13] [1 23] [33 13] [18 38] [33 6] [17 30] [33 18] [4 17] [24 6] [16 23] [32 0] [15 16] [4 6]
 746 [14 0] [16 37] [15 20] [32 18] [26 17] [4 26] [7 19] [31 11] [24 3] [15 25] [33 4] [15 6] [21 39] [26 8] [19 0] [19 31] [14 31] [21 25] [20 17] [17 11]
 748 [5 2] [20 31] [15 37] [33 9] [31 18] [20 37] [16 12] [28 9] [20 0] [0 26] [17 19] [33 1] [24 14] [23 7] [11 12] [18 6] [14 0] [18 24] [15 31] [28 4]
 749 [16 12] [20 17] [19 36] [32 4] [14 39] [38 0] [23 3] [14 34] [30 15] [32 10] [21 11] [17 4] [5 18] [15 18] [21 22] [2 6] [26 9] [25 17] [17 27] [7 8]
 750 [19 23] [22 18] [16 17] [23 0] [14 24] [28 1] [30 12] [16 7] [18 0] [33 7] [20 33] [22 5] [14 30] [18 12] [17 39] [20 28] [30 18] [28 6] [24 12] [33 2]
 751
 752
 753
 754
 755
 756
 757
 758
 759
 761 [24 25] [33 38] [14 25] [18 12] [32 4] [31 18] [29 33] [28 9] [28 39] [22 2]
 760
 762 [24 12] [22 33] [31 11] [33 17] [28 39] [32 6] [23 4] [28 34] [30 1] [27 26]
 763 [33 26] [20 16] [14 5] [20 6] [32 11] [29 19] [19 25] [28 27] [33 6] [29 35]
 764 [29 8] [16 4] [33 20] [18 12] [25 15] [33 37] [25 38] [19 38] [22 32] [20 19]
 765 [22 16] [33 25] [33 11] [33 1] [33 34] [21 0] [27 37] [28 26] [28 8] [31 20]
 766 [25 10] [30 10] [20 13] [20 2] [20 22] [17 30] [29 2] [18 7] [28 16] [19 36]
 767 [18 8] [20 26] [17 39] [15 24] [31 3] [32 16] [27 11] [27 17] [20 19] [33 10]
 768 [25 5] [20 6] [32 8] [21 25] [17 34] [16 39] [30 15] [16 0] [32 2] [23 15]
 769 [21 28] [27 16] [23 1] [33 17] [16 24] [18 36] [21 15] [29 8] [31 3] [16 17]
 771 [30 29] [19 0] [24 27] [32 39] [18 33] [26 6] [31 34] [28 1] [20 39] [32 7] [23 16] [29 24] [26 35] [16 11] [29 15] [19 25] [23 11] [16 19] [18 5] [33 0]
 770 [18 11] [19 29] [28 10] [25 5] [14 38] [24 18] [30 18] [25 0] [17 23] [32 2]
 772 [32 27] [33 3] [18 38] [24 13] [15 28] [27 24] [24 8] [27 18] [20 19] [19 33] [25 36] [18 14] [32 34] [33 19] [31 10] [18 8] [28 0] [32 39] [21 26] [26 29]
 773 [16 38] [16 31] [33 34] [29 27] [33 2] [29 39] [28 7] [21 32] [28 33] [27 0] [19 11] [22 2] [33 13] [26 14] [17 17] [24 39] [33 22] [28 22] [16 25] [22 25]
 774 [22 6] [32 37] [19 34] [33 15] [20 17] [26 36] [32 31] [28 0] [27 7] [21 29] [27 12] [20 1] [33 1] [26 21] [20 23] [29 26] [27 31] [32 21] [14 31] [32 7]
 775 [15 3] [33 21] [16 16] [22 16] [33 26] [20 3] [31 11] [16 9] [33 16] [20 21] [25 33] [27 20] [28 39] [31 33] [33 2] [20 37] [25 26] [23 11] [28 3] [17 27]
 777 [21 37] [33 9] [17 17] [32 3] [22 1] [5 25] [14 3] [16 37] [16 29] [14 23] [33 16] [21 31] [22 6] [27 4] [21 11] [20 24] [16 10] [27 9] [24 16] [39 17]
 776 [21 11] [20 23] [15 27] [15 20] [23 18] [6 12] [33 15] [29 1] [19 2] [32 7] [19 36] [28 14] [24 5] [14 35] [16 9] [14 4] [21 30] [5 7] [16 14] [24 0]
 778 [21 39] [18 8] [19 20] [14 25] [14 20] [14 14] [30 0] [14 32] [24 14] [5 31] [26 8] [17 2] [30 14] [16 37] [25 0] [19 15] [19 32] [0 8] [33 7] [21 25]
 779 [35 5] [25 5] [30 9] [6 38] [15 0] [9 22] [1 24] [24 14] [4 30] [38 15] [18 6] [18 28] [30 4] [18 37] [18 11] [15 22] [17 17] [23 0] [20 22] [30 17]
 780 [8 22] [16 9] [32 9] [19 30] [21 38] [14 19] [31 18] [16 37] [23 9] [6 31] [26 16] [27 2] [21 16] [14 32] [9 3] [18 25] [16 14] [18 4] [3 10] [33 2]
 781
 782
 783
 784
 785
 786
 787
 788
 791 [31 0] [33 37] [23 7] [27 19] [30 7] [26 34] [32 25] [33 32] [32 20] [23 26]
 789
 790
 792 [15 26] [22 14] [31 0] [19 35] [29 11] [26 31] [24 4] [32 36] [33 26] [17 7]
 794 [24 17] [33 22] [31 30] [19 34] [33 38] [26 22] [28 2] [24 10] [29 10] [30 16]
 793 [31 26] [25 24] [27 5] [22 5] [33 9] [21 19] [16 7] [30 17] [32 2] [23 38]
 795 [20 39] [26 34] [23 24] [31 17] [20 0] [33 12] [24 13] [30 39] [33 1] [28 26]
 796 [31 8] [17 2] [20 17] [23 11] [30 16] [20 24] [31 1] [24 0] [21 36] [16 35]
 797 [26 0] [33 14] [28 14] [18 20] [22 8] [17 4] [23 17] [20 30] [33 3] [30 8]
 801 [18 16] [27 11] [22 39] [24 19] [33 35] [18 29] [25 1] [30 27] [31 2] [26 32] [33 16] [33 11] [23 24] [19 9] [15 1] [25 6] [28 37] [16 36] [20 0] [30 22]
 798 [20 34] [24 3] [24 15] [19 22] [29 12] [33 18] [23 10] [33 3] [17 10] [17 3]
 799 [24 6] [17 7] [19 24] [29 10] [33 17] [21 39] [27 18] [19 1] [21 32] [21 12]
 800 [23 0] [14 39] [17 26] [26 9] [22 14] [28 1] [33 2] [16 18] [28 16] [33 7]
 802 [22 5] [28 26] [24 33] [17 16] [33 3] [28 39] [32 14] [19 38] [26 13] [33 39] [19 23] [33 29] [24 18] [27 0] [14 21] [28 8] [32 19] [16 2] [30 34] [14 7]
 803 [33 17] [15 17] [28 4] [19 22] [21 31] [30 38] [33 3] [16 5] [22 10] [33 23] [27 12] [28 25] [22 5] [15 30] [33 10] [19 36] [24 36] [21 0] [29 30] [24 19]
 805 [23 18] [27 7] [33 12] [26 25] [16 30] [16 21] [19 13] [14 16] [32 25] [32 36] [30 0] [23 30] [29 18] [20 35] [33 30] [28 30] [18 4] [25 13] [27 38] [24 2]
 804 [14 23] [20 33] [26 33] [22 23] [14 0] [20 1] [27 39] [32 27] [26 14] [27 28] [32 17] [29 0] [29 6] [20 16] [19 10] [30 22] [21 38] [32 35] [14 10] [33 12]
 806 [16 9] [33 2] [10 36] [20 15] [16 4] [27 14] [20 27] [15 35] [21 38] [26 7] [32 14] [21 8] [14 24] [0 34] [20 32] [25 0] [14 30] [31 8] [15 18] [21 22]
 808 [19 16] [25 16] [31 0] [31 11] [22 9] [21 21] [30 16] [17 4] [15 27] [16 10] [20 30] [31 5] [23 0] [14 39] [20 36] [10 24] [16 22] [11 10] [14 15] [14 33]
 807 [24 10] [14 19] [28 1] [16 13] [14 32] [18 8] [16 0] [33 10] [21 3] [19 33] [33 15] [21 26] [16 26] [33 1] [0 5] [23 16] [21 39] [14 39] [20 21] [28 16]
 809 [29 15] [32 6] [21 21] [18 4] [21 32] [21 37] [5 6] [21 10] [16 33] [14 26] [29 1] [15 39] [20 26] [15 18] [23 15] [27 9] [16 11] [8 17] [23 1] [34 18]
 810 [16 0] [19 13] [14 7] [21 25] [19 19] [31 8] [16 36] [27 16] [26 11] [33 16] [14 17] [25 6] [21 38] [16 25] [25 0] [31 1] [19 8] [19 31] [14 31] [14 12]
