 3 [18 9] [30 1] [24 6] [21 23] [24 17]
 2 [32 36] [26 2] [19 30] [24 24] [26 12]
 6 [23 26] [23 32] [27 24] [29 19] [20 22]
 4 [24 35] [36 26] [33 0] [35 4] [16 33]
 8 [34 17] [22 17] [26 33] [26 36] [18 6]
 1 [37 33] [15 33] [25 6] [27 13] [14 2]
 7 [35 19] [18 34] [37 13] [27 28] [22 1]
 5 [17 34] [27 22] [27 0] [20 27] [31 23]
 9 [22 38] [21 11] [36 10] [28 22] [27 30]
 10 [25 17] [25 32] [24 18] [36 1] [23 15]
 13 [14 11] [33 29] [16 6] [34 19] [32 10]
 16 [19 21] [26 23] [23 33] [29 37] [28 25]
 11 [22 2] [13 31] [36 7] [26 30] [36 9]
 12 [28 28] [29 23] [22 28] [23 30] [33 37]
 14 [21 6] [24 23] [25 37] [25 11] [31 30]
 15 [24 15] [27 14] [34 9] [16 14] [28 21]
 18 [22 37] [18 9] [25 12] [14 36] [38 11]
 17 [28 25] [15 6] [25 3] [23 11] [27 36]
 20 [17 17] [19 24] [25 35] [38 38] [19 29]
 19 [28 20] [31 35] [24 8] [27 34] [34 19]
 21 [33 25] [25 36] [23 28] [18 27] [27 0]
 22 [19 37] [30 34] [26 39] [34 26] [33 2]
 23 [21 5] [36 10] [20 20] [27 30] [22 29]
 24 [14 24] [14 10] [30 34] [30 22] [34 1]
 25 [32 29] [23 11] [24 9] [29 4] [25 25]
 27 [28 34] [36 36] [16 16] [35 20] [22 14]
 26 [34 24] [20 0] [11 37] [31 25] [35 39]
 28 [33 16] [25 11] [24 15] [18 23] [18 9]
 29 [26 27] [24 13] [24 27] [29 3] [16 38]
 30 [21 36] [32 39] [32 8] [31 15] [20 11]
 31 [30 17] [28 16] [35 7] [28 30] [38 13]
 32 [23 19] [27 29] [26 16] [21 27] [14 3]
 33 [29 30] [13 2] [20 8] [21 31] [18 36]
 36 [25 12] [28 29] [17 35] [25 1] [30 7]
 34 [17 6] [18 0] [29 36] [35 19] [35 3]
 35 [14 13] [15 35] [36 16] [22 15] [31 13]
 37 [25 8] [19 38] [19 30] [21 17] [31 3]
 38 [29 18] [20 19] [23 31] [25 19] [26 13]
 40 [29 22] [25 17] [23 7] [26 20] [34 19]
 39 [13 15] [29 11] [17 11] [31 4] [19 18]
 41 [23 17] [23 39] [33 14] [29 28] [21 16]
 44 [22 1] [17 31] [34 16] [21 5] [16 16]
 42 [27 21] [12 20] [19 38] [25 2] [27 28]
 43 [16 22] [28 9] [17 31] [33 16] [25 12]
 46 [37 15] [27 37] [15 34] [27 30] [17 19]
 45 [21 18] [19 33] [23 25] [24 33] [29 31]
 47 [30 20] [26 7] [22 28] [24 7] [32 19]
 48 [24 9] [22 34] [34 12] [28 31] [17 19]
 49 [29 39] [21 6] [26 36] [23 1] [19 9]
 51 [20 33] [30 12] [21 0] [17 29] [24 21]
 53 [29 23] [14 39] [24 14] [28 28] [19 35]
 50 [21 1] [29 20] [30 16] [33 9] [20 4]
 52 [13 11] [14 1] [15 30] [22 37] [28 6]
 54 [21 14] [27 18] [25 19] [22 9] [22 10]
 55 [19 30] [23 25] [21 35] [22 2] [16 17]
 56 [25 34] [18 1] [19 15] [25 32] [22 30]
 57 [32 15] [25 26] [21 16] [27 25] [35 20]
 59 [26 32] [16 1] [16 25] [34 19] [26 20]
 58 [28 4] [18 14] [30 15] [22 1] [23 15]
 60 [29 0] [20 38] [31 4] [20 3] [25 18]
 62 [15 1] [33 17] [25 5] [18 13] [31 10]
 61 [18 13] [31 15] [21 10] [16 36] [24 20]
 63 [12 36] [28 10] [27 20] [26 20] [27 7]
 64 [30 19] [19 4] [16 15] [28 14] [22 0]
 65 [33 4] [26 5] [30 20] [26 3] [21 10]
 66 [19 16] [34 4] [31 20] [30 6] [24 16]
 68 [17 38] [32 17] [34 1] [32 15] [25 8]
 67 [24 1] [27 18] [35 1] [17 21] [17 27]
 69 [18 8] [33 19] [28 0] [15 15] [20 18]
 71 [16 39] [17 16] [29 18] [24 12] [29 10]
 70 [16 14] [39 1] [27 3] [19 17] [25 8]
 73 [31 8] [13 7] [25 20] [23 17] [38 3]
 72 [16 21] [25 4] [23 2] [17 19] [23 12]
 74 [21 10] [20 8] [26 13] [32 19] [26 14]
 77 [16 4] [21 16] [27 19] [28 14] [38 15]
 76 [35 5] [26 18] [34 12] [20 2] [33 13]
 75 [15 8] [23 6] [23 13] [18 9] [20 8]
 78 [24 19] [26 19] [30 13] [31 0] [19 18]
 79 [26 7] [25 0] [22 8] [27 1] [22 5]
 80 [26 3] [18 30] [20 10] [22 1] [26 1]
 81 [21 19] [22 10] [27 1] [15 11] [15 5]
 82 [33 11] [17 28] [20 9] [24 9] [37 15]
 85 [29 15] [15 8] [24 2] [38 11] [12 25]
 84 [30 1] [15 22] [25 16] [35 15] [25 7]
 86 [33 13] [27 3] [24 19] [15 11] [22 14]
 83 [24 5] [28 20] [20 11] [33 10] [34 10]
 87 [14 26] [17 2] [18 33] [19 12] [13 20]
 88 [23 13] [21 18] [21 5] [25 1] [32 0]
 89 [13 1] [17 3] [23 10] [27 4] [25 11]
 90 [19 3] [16 14] [25 11] [27 10] [24 8]
 91 [31 11] [16 18] [21 18] [21 2] [19 2]
 92 [30 20] [28 11] [22 9] [21 20] [21 7]
 93 [22 7] [34 13] [28 4] [25 10] [27 13]
 94 [11 11] [23 2] [17 0] [28 4] [21 6]
 95 [22 7] [25 1] [28 20] [26 2] [15 7]
 96 [21 15] [31 3] [23 8] [15 0] [19 8]
 97 [33 13] [28 3] [32 6] [24 15] [17 19]
 98 [15 20] [32 15] [22 2] [24 7] [22 1]
 100 [30 20] [13 2] [24 15] [30 11] [22 4]
 99 [26 16] [30 6] [32 17] [23 7] [22 15]
 101 [29 16] [14 7] [19 7] [18 10] [33 14]
 102 [31 2] [26 3] [35 4] [16 15] [22 8]
 103 [13 6] [29 8] [21 0] [28 4] [19 13]
 104 [17 6] [19 17] [28 16] [23 12] [18 14]
 106 [25 8] [20 10] [13 9] [27 13] [29 12]
 105 [26 10] [20 10] [29 5] [33 7] [21 5]
 107 [21 7] [21 9] [18 11] [35 16] [29 16]
 109 [29 10] [32 7] [16 3] [23 2] [23 8]
 108 [22 4] [24 13] [29 0] [26 19] [16 13]
 110 [33 13] [15 6] [26 9] [21 10] [28 14]
 111 [35 11] [28 19] [33 7] [16 20] [24 4]
 113 [23 7] [31 5] [27 19] [24 12] [27 11]
 112 [27 3] [33 7] [30 2] [18 2] [32 16]
 114 [18 14] [27 9] [26 11] [34 4] [29 18]
 115 [28 3] [21 19] [19 6] [26 9] [21 5]
 116 [26 6] [23 10] [24 11] [30 19] [23 9]
 117 [34 14] [24 1] [32 8] [23 10] [33 19]
 118 [33 12] [22 8] [25 6] [29 6] [36 10]
 119 [34 14] [18 6] [22 6] [21 20] [38 6]
 121 [16 4] [21 19] [32 6] [19 12] [26 13]
 120 [37 1] [28 19] [21 11] [25 1] [12 1]
 122 [26 14] [30 13] [16 14] [13 13] [26 10]
 123 [38 2] [32 14] [28 11] [29 0] [17 11]
 124 [22 13] [27 12] [38 0] [28 15] [23 5]
 125 [31 2] [18 18] [23 16] [33 3] [25 18]
 126 [19 7] [31 3] [28 14] [35 8] [26 4]
 127 [24 20] [11 0] [28 16] [18 15] [36 6]
 128 [24 18] [20 8] [18 10] [28 0] [28 18]
 129 [23 18] [13 9] [26 17] [34 5] [25 12]
 130 [28 17] [33 14] [12 17] [25 11] [31 19]
 131 [29 3] [37 3] [19 9] [23 3] [20 11]
 132 [31 8] [30 18] [21 5] [29 11] [22 11]
 134 [25 5] [28 8] [32 19] [35 18] [32 13]
 133 [19 14] [21 0] [17 6] [23 7] [18 0]
 135 [38 13] [32 14] [21 7] [35 7] [31 5]
 137 [23 18] [21 1] [29 9] [32 20] [22 11]
 136 [24 5] [15 17] [21 14] [28 16] [14 14]
 138 [29 3] [29 2] [18 12] [24 5] [32 18]
 139 [29 14] [31 20] [19 7] [23 5] [34 11]
 140 [14 15] [20 2] [33 17] [18 4] [29 14]
 141 [25 2] [28 16] [12 11] [32 1] [25 13]
 142 [12 3] [29 11] [25 3] [31 19] [33 5]
 143 [22 17] [16 9] [22 8] [37 2] [22 5]
 144 [16 15] [30 17] [36 0] [20 17] [31 8]
 145 [15 19] [26 12] [27 17] [36 13] [15 7]
 146 [23 10] [36 9] [19 7] [35 11] [13 15]
 147 [28 20] [27 9] [25 18] [23 3] [21 1]
 149 [24 5] [29 4] [21 8] [20 15] [22 15]
 148 [20 0] [24 1] [13 3] [26 7] [15 9]
 150 [23 10] [24 8] [27 16] [16 18] [39 15]
 151 [29 33] [25 14] [28 26] [26 33] [35 26] [22 30] [26 1] [28 1] [30 6] [28 29]
 152 [28 17] [19 30] [22 25] [24 3] [18 0] [12 33] [13 34] [22 12] [25 18] [16 22]
 153 [39 29] [25 5] [25 23] [16 17] [21 24] [18 8] [26 35] [20 37] [32 23] [22 23]
 154 [15 1] [30 22] [32 32] [26 29] [28 39] [26 21] [28 5] [14 26] [22 30] [32 11]
 155 [34 1] [23 15] [25 39] [20 3] [33 23] [33 24] [28 35] [26 20] [19 0] [19 22]
 157 [19 2] [24 34] [18 27] [25 37] [13 39] [26 9] [16 21] [20 37] [17 27] [23 17]
 156 [25 6] [38 2] [11 14] [29 19] [25 24] [22 20] [22 2] [16 26] [26 6] [21 1]
 159 [31 5] [30 19] [24 5] [24 16] [32 14] [17 32] [27 2] [26 18] [26 37] [33 4]
 158 [20 6] [26 13] [32 11] [31 10] [22 7] [31 23] [21 22] [24 12] [24 38] [13 23]
 161 [23 3] [23 12] [24 25] [15 3] [31 33] [37 24] [21 21] [26 22] [16 11] [14 7]
 160 [20 30] [39 37] [31 33] [21 31] [24 24] [14 15] [20 11] [14 37] [21 15] [21 9]
 162 [35 23] [14 31] [15 33] [13 4] [21 25] [13 26] [18 24] [15 8] [22 36] [18 37]
 164 [14 8] [18 8] [20 21] [21 19] [31 10] [32 19] [28 36] [14 16] [30 17] [30 18]
 163 [14 18] [31 36] [26 37] [24 1] [32 6] [23 16] [31 0] [34 23] [22 9] [24 11]
 165 [12 32] [23 4] [24 0] [20 20] [30 9] [25 14] [28 1] [19 18] [13 15] [27 18]
 167 [25 19] [25 27] [21 18] [30 36] [22 9] [26 29] [27 7] [24 7] [17 25] [18 11]
 166 [25 15] [33 20] [30 13] [15 2] [34 6] [24 32] [23 13] [23 17] [32 6] [24 11]
 168 [30 6] [28 32] [34 38] [27 12] [26 15] [28 13] [24 31] [29 33] [23 5] [20 35]
 169 [34 27] [27 28] [18 17] [21 39] [25 38] [36 7] [24 39] [20 31] [13 7] [32 23]
 170 [21 35] [21 25] [33 28] [33 31] [28 14] [12 11] [27 16] [16 30] [18 35] [33 9]
 171 [27 32] [23 23] [32 9] [14 10] [13 18] [19 38] [21 27] [21 3] [32 31] [25 26]
 172 [26 32] [17 7] [21 36] [22 20] [26 8] [16 9] [23 1] [19 25] [23 37] [23 34]
 175 [29 15] [29 26] [15 13] [24 11] [34 38] [23 37] [18 9] [35 15] [34 1] [12 6]
 173 [35 2] [38 26] [24 13] [23 34] [24 28] [26 17] [22 38] [15 16] [11 15] [25 28]
 174 [29 9] [19 19] [25 3] [29 10] [16 32] [30 13] [29 8] [32 32] [22 24] [14 5]
 176 [22 37] [24 23] [23 24] [25 36] [25 29] [19 28] [28 30] [30 26] [35 5] [31 30]
 177 [30 3] [26 38] [23 28] [22 27] [29 27] [14 6] [25 19] [31 2] [16 29] [24 14]
 180 [30 33] [22 8] [12 31] [21 10] [23 4] [18 24] [28 38] [23 30] [27 19] [33 15]
 179 [26 23] [24 29] [18 23] [31 38] [25 5] [33 39] [18 1] [27 25] [36 9] [35 29]
 182 [25 10] [25 19] [35 18] [34 14] [24 21] [14 26] [21 34] [33 11] [27 11] [24 17]
 181 [27 5] [30 12] [28 18] [29 39] [16 39] [28 21] [26 27] [32 11] [20 36] [23 9]
 178 [32 17] [20 7] [26 38] [17 15] [28 36] [18 5] [21 37] [32 20] [26 28] [26 4]
 183 [15 22] [20 20] [19 34] [28 14] [24 22] [25 30] [17 12] [31 10] [25 22] [26 21]
 187 [32 9] [28 29] [32 16] [26 39] [20 23] [27 34] [19 24] [34 4] [24 22] [25 22]
 185 [17 22] [25 27] [24 35] [18 30] [28 10] [29 7] [34 10] [22 23] [21 35] [25 18]
 184 [22 27] [23 24] [27 24] [32 19] [19 1] [24 37] [20 35] [21 8] [29 7] [22 22]
 186 [31 20] [33 14] [25 14] [24 28] [15 34] [31 14] [15 14] [17 15] [27 11] [32 4]
 189 [37 15] [23 0] [23 12] [23 18] [22 0] [16 7] [23 25] [16 18] [37 3] [22 25]
 188 [12 25] [20 18] [21 2] [18 28] [18 1] [27 30] [27 11] [23 3] [19 23] [20 27]
 190 [25 36] [31 5] [23 8] [22 23] [27 28] [21 27] [20 37] [14 2] [16 20] [23 37]
 191 [20 2] [13 13] [23 1] [22 10] [25 13] [16 29] [27 2] [18 21] [26 27] [28 25]
 193 [14 25] [38 9] [26 1] [24 18] [12 14] [30 11] [21 9] [17 10] [29 24] [23 31]
 192 [21 16] [23 3] [20 0] [34 0] [23 8] [24 2] [34 3] [28 27] [13 29] [39 16]
 194 [27 38] [26 28] [29 39] [31 4] [29 7] [29 4] [30 13] [18 26] [23 21] [13 31]
 195 [26 16] [31 16] [21 22] [23 33] [22 18] [25 34] [33 18] [18 7] [21 1] [27 31]
 196 [15 7] [19 15] [36 16] [30 3] [23 18] [16 34] [27 35] [26 37] [30 11] [14 37]
 197 [16 29] [16 8] [34 3] [18 25] [23 23] [30 0] [28 10] [24 9] [29 8] [32 18]
 199 [21 12] [20 13] [26 32] [12 0] [19 22] [22 31] [25 35] [25 11] [23 4] [28 39]
 198 [16 21] [22 29] [30 6] [18 22] [21 2] [14 27] [28 0] [26 13] [15 5] [24 34]
 201 [27 35] [24 6] [29 39] [27 0] [24 35] [28 24] [29 0] [15 15] [21 24] [15 11]
 200 [21 29] [30 13] [16 24] [32 1] [22 9] [23 8] [11 24] [16 25] [19 0] [18 31]
 202 [30 4] [23 13] [23 33] [29 31] [26 13] [22 28] [20 0] [20 13] [19 5] [34 1]
 204 [16 9] [25 32] [27 0] [17 22] [24 38] [25 11] [20 18] [22 21] [20 16] [18 11]
 203 [17 32] [14 34] [20 38] [20 35] [30 3] [21 12] [25 36] [30 1] [14 36] [19 26]
 205 [28 1] [35 13] [23 26] [24 31] [21 2] [23 4] [15 11] [26 2] [25 33] [25 28]
 207 [16 13] [23 17] [24 22] [38 3] [19 6] [12 6] [21 34] [26 32] [28 30] [32 8]
 206 [21 31] [21 15] [25 27] [24 13] [27 12] [26 35] [30 7] [24 0] [27 4] [23 26]
 208 [26 27] [25 22] [20 8] [34 19] [19 14] [26 3] [26 32] [28 21] [24 36] [27 39]
 210 [30 4] [38 1] [32 20] [26 12] [25 30] [18 20] [15 33] [18 2] [22 8] [27 22]
 209 [23 32] [33 11] [21 30] [25 1] [24 15] [19 3] [25 35] [27 24] [18 0] [22 2]
 211 [34 5] [21 2] [14 11] [21 14] [12 30] [25 14] [16 32] [17 22] [38 7] [21 8]
 212 [17 6] [13 22] [29 18] [18 0] [21 0] [21 17] [19 29] [16 4] [37 9] [14 9]
 213 [22 14] [29 7] [24 10] [23 7] [22 10] [16 10] [24 16] [21 0] [14 2] [26 12]
 214 [18 38] [25 13] [20 13] [25 0] [24 8] [13 35] [13 4] [12 35] [16 39] [33 4]
 215 [34 4] [15 28] [24 7] [15 4] [35 11] [15 16] [16 36] [33 4] [15 25] [17 11]
 216 [19 24] [22 9] [25 4] [20 8] [29 1] [28 2] [30 17] [28 7] [21 20] [16 39]
 217 [26 10] [26 16] [33 17] [24 12] [13 34] [17 23] [26 1] [21 11] [19 28] [13 27]
 218 [18 20] [16 36] [28 11] [24 8] [26 17] [15 21] [30 9] [19 39] [22 18] [28 17]
 220 [26 3] [18 30] [24 18] [28 3] [22 16] [29 1] [21 5] [18 33] [27 8] [28 17]
 219 [24 8] [25 7] [29 18] [17 31] [16 39] [27 0] [28 7] [24 4] [15 10] [27 9]
 221 [16 25] [18 36] [30 0] [15 23] [27 10] [27 19] [21 1] [33 19] [28 11] [13 13]
 222 [27 1] [20 17] [28 4] [26 1] [26 19] [18 21] [27 16] [37 6] [13 3] [17 35]
 223 [19 7] [26 8] [23 10] [29 2] [18 26] [27 3] [25 3] [27 0] [13 18] [16 19]
 224 [17 12] [27 20] [17 11] [20 15] [22 12] [36 15] [22 18] [25 19] [15 0] [30 4]
 225 [33 13] [31 5] [16 4] [20 4] [16 8] [28 19] [14 16] [19 33] [29 5] [17 12]
 226 [28 1] [21 2] [13 38] [18 36] [18 12] [13 5] [29 2] [13 30] [15 31] [22 20]
 227 [23 15] [23 6] [28 17] [20 19] [26 0] [23 20] [21 3] [30 18] [24 4] [26 7]
 229 [13 29] [28 7] [17 7] [14 29] [17 18] [31 14] [19 38] [25 10] [17 16] [16 33]
 228 [14 8] [37 10] [22 7] [32 2] [23 19] [31 18] [13 7] [23 16] [22 13] [20 12]
 230 [24 13] [30 11] [17 36] [25 18] [31 8] [25 10] [24 19] [25 7] [18 14] [19 15]
 231 [17 22] [13 15] [19 23] [23 2] [22 3] [23 17] [19 22] [29 15] [25 3] [17 25]
 232 [29 3] [30 0] [30 12] [18 23] [33 6] [34 20] [27 20] [19 3] [22 0] [26 1]
 233 [27 4] [18 37] [26 19] [25 4] [35 9] [29 9] [22 9] [23 16] [27 16] [35 7]
 234 [22 18] [30 5] [33 2] [33 16] [19 36] [17 11] [26 4] [27 14] [17 24] [17 14]
 235 [27 7] [39 11] [29 10] [17 29] [15 34] [28 8] [18 2] [19 4] [29 14] [31 19]
 237 [18 18] [16 2] [34 8] [26 6] [24 16] [18 39] [19 34] [22 12] [21 12] [28 7]
 236 [24 17] [21 15] [17 31] [29 13] [23 11] [27 7] [11 6] [24 10] [13 32] [22 11]
 240 [19 34] [32 17] [28 16] [32 11] [22 8] [19 37] [26 13] [19 31] [16 30] [31 6]
 238 [23 11] [16 38] [21 17] [16 36] [33 2] [23 2] [20 11] [18 39] [11 3] [20 2]
 241 [17 14] [21 2] [18 0] [29 5] [30 20] [30 8] [21 15] [24 16] [29 17] [30 14]
 239 [20 15] [31 8] [12 22] [21 16] [16 9] [14 13] [28 13] [17 32] [11 6] [39 5]
 242 [33 4] [32 6] [31 20] [31 7] [27 17] [27 10] [26 19] [28 12] [24 13] [20 2]
 243 [28 18] [38 1] [23 2] [29 1] [31 14] [33 19] [21 15] [14 6] [30 18] [30 15]
 244 [26 10] [12 18] [18 9] [25 9] [21 8] [34 14] [23 20] [17 19] [25 2] [11 9]
 245 [17 4] [19 11] [29 15] [21 13] [38 5] [17 16] [17 10] [13 3] [31 5] [14 4]
 246 [24 4] [26 18] [24 8] [27 7] [25 8] [30 7] [17 4] [22 0] [25 7] [25 17]
 251 [12 14] [29 8] [21 9] [15 18] [11 17] [24 7] [16 8] [20 4] [28 11] [33 19]
 248 [26 15] [22 8] [36 11] [37 11] [16 9] [22 15] [30 15] [35 0] [14 8] [19 10]
 247 [33 0] [17 2] [29 8] [15 7] [18 2] [18 4] [34 1] [26 15] [25 3] [31 3]
 249 [23 8] [14 19] [15 20] [27 10] [24 11] [29 1] [29 8] [22 12] [28 0] [15 2]
 250 [18 15] [24 11] [19 17] [36 13] [28 1] [21 2] [36 10] [19 20] [20 14] [25 3]
 253 [19 6] [34 14] [24 11] [25 13] [27 14] [19 0] [22 2] [13 8] [22 15] [22 13]
 252 [17 4] [28 2] [29 17] [15 12] [21 19] [26 16] [28 6] [28 3] [24 17] [19 2]
 254 [34 15] [28 16] [30 19] [25 7] [30 15] [18 9] [18 4] [30 9] [19 16] [33 11]
 257 [23 12] [16 10] [17 14] [20 14] [29 9] [35 13] [32 19] [30 20] [29 7] [33 18]
 256 [12 0] [38 14] [24 1] [23 13] [33 13] [30 14] [20 0] [26 2] [26 0] [33 14]
 258 [19 15] [23 18] [22 18] [29 10] [25 5] [17 10] [23 12] [14 12] [21 7] [28 19]
 255 [14 0] [28 16] [18 11] [21 11] [21 16] [30 13] [20 10] [30 0] [14 17] [17 12]
 259 [23 16] [25 4] [22 14] [32 1] [20 17] [33 16] [23 4] [27 18] [31 8] [25 18]
 260 [14 14] [13 6] [14 16] [26 17] [15 18] [24 8] [32 4] [20 19] [14 9] [33 14]
 261 [24 16] [28 7] [29 8] [23 17] [30 19] [24 20] [14 16] [19 6] [30 13] [23 4]
 262 [25 8] [27 10] [16 12] [30 3] [24 8] [38 15] [23 8] [28 12] [25 2] [23 4]
 263 [27 4] [19 8] [27 2] [36 15] [18 0] [35 11] [24 17] [34 2] [16 3] [20 19]
 265 [31 6] [30 15] [19 18] [23 13] [27 19] [31 1] [23 0] [23 11] [33 3] [23 17]
 267 [17 5] [25 12] [21 20] [27 13] [25 16] [36 16] [20 1] [13 2] [15 8] [21 19]
 266 [28 20] [24 14] [28 0] [20 8] [26 19] [34 12] [30 18] [16 4] [19 7] [15 16]
 264 [23 14] [24 11] [31 11] [27 17] [21 15] [22 11] [22 15] [30 2] [22 13] [17 8]
 268 [12 13] [31 15] [17 10] [19 20] [24 5] [25 13] [30 16] [20 18] [16 7] [35 1]
 269 [32 0] [20 14] [28 8] [34 20] [13 17] [18 14] [23 20] [25 11] [12 3] [20 17]
 273 [25 8] [26 5] [29 16] [22 19] [18 19] [12 16] [28 7] [22 5] [16 19] [28 10]
 270 [24 13] [23 6] [31 7] [30 11] [31 12] [26 10] [32 12] [18 12] [16 6] [30 16]
 271 [21 13] [20 15] [19 4] [25 10] [16 8] [28 11] [17 7] [26 15] [22 6] [15 10]
 272 [36 5] [23 17] [27 5] [26 13] [33 16] [25 14] [23 20] [24 11] [24 19] [22 14]
 274 [19 19] [21 19] [32 12] [28 13] [26 3] [26 14] [18 2] [18 9] [18 10] [29 13]
 275 [22 10] [31 13] [27 10] [23 8] [18 9] [26 1] [14 11] [15 20] [36 5] [17 10]
 276 [27 8] [20 6] [21 3] [19 10] [25 10] [21 2] [20 15] [25 0] [30 19] [29 8]
 277 [22 4] [32 8] [29 7] [28 1] [28 9] [30 4] [20 7] [26 9] [29 3] [25 8]
 282 [32 5] [33 4] [24 11] [31 6] [21 5] [21 11] [27 18] [29 10] [22 13] [35 20]
 280 [18 16] [11 20] [30 10] [14 8] [30 16] [35 12] [34 11] [30 8] [22 9] [28 17]
 278 [27 8] [18 19] [22 2] [28 2] [25 19] [15 8] [23 8] [20 19] [18 9] [27 5]
 279 [20 14] [23 19] [30 17] [24 13] [24 5] [25 16] [20 20] [23 0] [26 18] [31 15]
 281 [20 11] [19 0] [35 4] [23 12] [24 7] [17 12] [15 1] [26 4] [26 3] [30 9]
 283 [26 15] [27 19] [32 17] [29 4] [23 4] [27 6] [23 13] [13 15] [23 9] [25 13]
 284 [23 19] [20 11] [32 9] [17 14] [37 15] [19 4] [14 9] [33 6] [29 6] [35 8]
 285 [31 16] [27 4] [23 7] [21 8] [29 13] [28 15] [16 8] [24 13] [14 17] [29 14]
 286 [24 10] [24 9] [25 12] [26 16] [19 8] [20 6] [19 13] [31 7] [16 3] [22 3]
 288 [25 10] [34 18] [27 3] [36 2] [24 10] [19 1] [24 11] [24 13] [18 9] [23 1]
 289 [25 5] [13 19] [12 8] [20 18] [24 8] [35 0] [23 7] [33 3] [14 4] [20 11]
 287 [27 8] [23 10] [27 3] [29 3] [27 2] [14 12] [26 20] [19 5] [11 20] [28 7]
 290 [22 6] [25 7] [21 6] [22 4] [36 14] [33 15] [27 13] [18 9] [37 6] [27 12]
 291 [34 6] [18 8] [19 14] [33 2] [19 13] [26 2] [35 18] [31 16] [14 14] [27 0]
 292 [23 13] [24 18] [25 20] [23 8] [21 6] [29 13] [29 15] [23 17] [37 16] [19 19]
 293 [15 4] [18 16] [27 19] [19 20] [19 19] [22 1] [34 4] [17 6] [30 18] [34 13]
 294 [36 4] [29 16] [34 16] [25 10] [30 15] [19 15] [25 11] [24 8] [22 0] [30 11]
 295 [27 15] [18 0] [32 13] [16 2] [23 5] [30 10] [23 16] [13 4] [21 8] [23 12]
 296 [26 0] [34 15] [20 2] [19 16] [24 10] [30 6] [17 15] [21 11] [16 13] [22 10]
 298 [26 2] [28 6] [26 14] [27 12] [21 1] [30 12] [26 9] [22 3] [28 14] [28 3]
 297 [30 4] [19 1] [24 7] [24 11] [20 2] [24 9] [29 11] [18 9] [28 16] [20 10]
 299 [26 4] [32 2] [30 7] [33 3] [11 18] [23 6] [25 3] [19 14] [31 3] [24 20]
 300 [24 13] [28 17] [36 2] [22 13] [15 12] [22 15] [16 14] [18 16] [22 12] [32 7]
 304 [17 39] [28 3] [23 3] [31 15] [25 21] [15 37] [26 24] [25 19] [16 27] [32 10] [28 11] [25 30] [32 20] [25 26] [29 12]
 301 [11 10] [18 3] [23 0] [31 34] [14 21] [32 26] [21 32] [39 36] [27 13] [28 11] [26 3] [34 14] [37 24] [23 25] [24 23]
 306 [22 32] [29 28] [22 25] [19 30] [26 22] [27 2] [26 21] [25 31] [22 12] [22 26] [13 9] [20 14] [27 14] [19 23] [25 30]
 303 [17 24] [27 33] [22 2] [15 22] [27 39] [19 13] [24 14] [16 22] [28 20] [29 22] [13 35] [28 23] [31 18] [17 5] [31 12]
 302 [29 14] [24 22] [25 28] [28 25] [32 0] [22 10] [25 7] [19 4] [32 31] [21 9] [16 10] [31 13] [15 29] [23 26] [32 7]
 305 [37 35] [26 38] [28 2] [18 11] [19 6] [28 10] [31 25] [29 3] [24 22] [24 29] [21 23] [19 0] [32 26] [24 34] [31 6]
 307 [30 28] [26 32] [30 7] [16 20] [34 20] [27 0] [36 39] [16 28] [27 9] [31 0] [26 15] [19 3] [25 22] [23 23] [13 16]
 310 [27 29] [25 10] [30 8] [28 10] [27 16] [27 0] [24 27] [35 36] [30 32] [29 3] [32 0] [31 37] [17 23] [22 12] [22 14]
 309 [14 6] [27 7] [33 24] [18 4] [17 21] [26 33] [25 6] [33 25] [29 18] [25 33] [35 7] [22 31] [19 37] [30 7] [17 34]
 308 [18 31] [25 23] [19 9] [14 34] [28 23] [28 38] [31 7] [20 19] [26 2] [27 21] [25 9] [26 3] [30 21] [21 11] [33 20]
 311 [24 10] [27 18] [27 11] [27 10] [13 5] [26 35] [13 14] [20 33] [28 29] [24 30] [28 10] [35 6] [29 24] [17 39] [30 24]
 312 [21 39] [28 26] [13 11] [25 9] [30 20] [17 5] [26 23] [27 39] [13 7] [21 28] [17 14] [33 24] [25 17] [20 6] [22 2]
 313 [31 18] [36 15] [34 24] [22 38] [32 19] [17 31] [18 27] [24 37] [13 30] [24 28] [31 3] [16 13] [35 30] [22 17] [21 27]
 314 [26 35] [28 4] [19 10] [36 2] [33 29] [23 15] [19 3] [23 14] [24 9] [27 10] [26 12] [30 36] [21 22] [28 36] [30 32]
 315 [23 37] [33 31] [27 31] [17 19] [18 8] [33 11] [15 23] [18 37] [29 35] [25 1] [28 32] [26 10] [32 31] [21 29] [25 2]
 317 [33 9] [15 2] [32 0] [23 29] [27 21] [18 25] [33 11] [28 7] [30 38] [23 17] [22 11] [29 39] [25 7] [29 27] [21 32]
 319 [16 24] [21 31] [19 28] [30 10] [19 2] [30 17] [23 39] [35 35] [32 24] [33 2] [30 35] [22 27] [26 17] [30 30] [20 32]
 316 [27 8] [29 6] [25 7] [28 36] [26 18] [30 23] [15 3] [25 10] [14 5] [25 37] [19 35] [27 38] [29 5] [35 28] [24 10]
 318 [27 32] [23 17] [27 37] [24 39] [27 18] [29 1] [22 12] [28 8] [23 4] [18 19] [25 8] [31 17] [13 37] [31 31] [29 36]
 320 [16 6] [38 12] [24 24] [18 25] [13 35] [25 15] [30 35] [31 18] [31 3] [33 22] [20 18] [34 17] [18 2] [27 22] [29 38]
 321 [31 19] [16 2] [24 0] [23 5] [16 13] [18 1] [27 26] [23 23] [26 23] [27 24] [17 33] [23 36] [32 27] [21 10] [25 9]
 322 [21 38] [31 26] [31 38] [25 27] [20 23] [32 20] [29 27] [25 23] [22 31] [34 18] [27 10] [36 3] [24 21] [12 11] [25 4]
 323 [34 14] [20 19] [28 5] [26 29] [34 9] [33 31] [33 15] [22 33] [28 4] [12 16] [19 3] [29 7] [19 17] [31 27] [25 32]
 326 [24 26] [31 14] [24 24] [34 8] [25 5] [32 24] [23 29] [35 33] [21 33] [31 16] [35 32] [28 27] [33 24] [23 26] [12 8]
 325 [20 0] [20 39] [34 36] [28 8] [34 28] [29 20] [24 10] [23 13] [35 37] [21 22] [30 13] [24 20] [24 32] [14 34] [32 26]
 324 [26 14] [23 5] [24 27] [38 11] [28 27] [18 19] [21 34] [26 0] [26 37] [26 5] [23 22] [31 39] [30 26] [27 37] [18 7]
 328 [20 35] [25 0] [34 12] [28 20] [23 32] [34 17] [26 13] [21 22] [33 17] [29 32] [30 0] [26 24] [36 32] [25 27] [29 3]
 327 [24 21] [31 4] [20 12] [29 12] [25 20] [34 29] [16 39] [25 0] [24 32] [24 39] [16 29] [11 28] [37 33] [23 9] [29 9]
 329 [21 35] [28 32] [23 30] [27 34] [36 33] [15 32] [27 0] [29 32] [15 28] [26 23] [27 27] [24 25] [15 20] [27 25] [21 5]
 330 [24 9] [21 39] [26 34] [38 38] [25 16] [25 25] [23 13] [28 25] [26 2] [13 14] [21 7] [27 20] [16 11] [13 30] [23 23]
 332 [23 8] [28 2] [27 6] [18 10] [30 14] [19 5] [16 10] [22 28] [19 13] [17 37] [38 6] [14 22] [21 27] [17 30] [27 9]
 331 [27 7] [27 32] [17 26] [26 37] [16 39] [22 11] [14 26] [39 14] [24 5] [22 5] [25 23] [21 13] [27 15] [25 9] [25 10]
 334 [27 20] [14 32] [18 27] [28 19] [26 4] [28 24] [26 33] [25 14] [19 9] [28 32] [23 14] [22 14] [29 23] [18 32] [21 4]
 333 [18 2] [23 5] [28 25] [21 2] [14 13] [28 36] [26 15] [27 32] [16 35] [24 24] [20 17] [18 18] [25 32] [19 5] [22 31]
 337 [24 32] [21 12] [14 4] [34 5] [13 26] [25 22] [18 20] [26 28] [27 33] [29 16] [22 24] [18 18] [23 27] [29 0] [26 8]
 335 [31 20] [26 10] [27 2] [29 31] [17 12] [16 15] [29 38] [31 13] [29 36] [25 12] [33 14] [17 21] [36 5] [23 32] [27 11]
 336 [24 37] [18 34] [37 13] [24 24] [20 9] [20 35] [28 22] [30 2] [27 15] [23 11] [22 32] [21 14] [21 17] [13 33] [28 38]
 338 [31 16] [20 25] [23 27] [23 17] [31 6] [18 21] [21 15] [16 26] [22 33] [25 17] [25 6] [23 34] [26 26] [28 14] [23 13]
 340 [32 5] [20 3] [18 15] [24 39] [23 10] [13 28] [20 8] [22 15] [33 5] [27 27] [15 39] [28 13] [24 12] [21 15] [26 27]
 341 [27 15] [33 5] [14 24] [26 4] [12 34] [28 9] [32 3] [11 6] [19 16] [28 36] [24 31] [13 35] [24 6] [19 8] [12 4]
 339 [21 17] [14 2] [18 14] [19 19] [23 16] [30 12] [31 11] [28 11] [19 3] [20 27] [28 15] [29 27] [17 35] [24 19] [24 39]
 342 [29 24] [21 31] [29 8] [20 11] [17 18] [21 12] [24 13] [20 4] [27 36] [11 0] [27 38] [22 8] [27 1] [38 1] [26 6]
 344 [25 21] [22 22] [30 16] [26 20] [32 11] [20 20] [29 37] [24 17] [26 19] [17 18] [25 1] [24 39] [20 38] [22 12] [16 33]
 343 [25 4] [31 2] [16 22] [24 11] [32 9] [21 0] [12 10] [21 4] [29 38] [25 33] [13 24] [33 11] [20 32] [24 3] [28 24]
 346 [27 16] [28 31] [20 21] [22 13] [26 35] [33 6] [28 13] [18 23] [14 16] [31 4] [16 37] [15 5] [25 28] [22 18] [21 7]
 345 [16 7] [29 22] [23 12] [21 4] [26 35] [13 14] [14 6] [23 19] [30 19] [33 7] [25 21] [22 21] [23 18] [36 0] [29 19]
 347 [13 19] [30 11] [23 5] [17 39] [23 4] [22 23] [21 15] [24 39] [21 8] [21 21] [15 21] [22 39] [18 25] [22 15] [33 9]
 349 [13 32] [28 33] [17 31] [18 20] [19 28] [29 35] [29 8] [27 5] [24 32] [27 35] [21 10] [23 10] [21 5] [32 16] [26 3]
 348 [29 6] [26 0] [15 5] [29 15] [37 7] [18 3] [30 16] [12 12] [24 32] [25 27] [26 35] [18 29] [37 15] [24 34] [17 14]
 350 [28 23] [25 5] [31 0] [29 11] [22 3] [16 31] [27 3] [16 33] [19 37] [20 18] [22 35] [31 9] [28 10] [14 4] [27 19]
 351 [25 24] [23 24] [19 34] [35 6] [20 9] [27 24] [17 23] [27 19] [29 8] [19 28] [34 15] [24 9] [25 19] [32 11] [20 34]
 352 [25 20] [17 13] [16 20] [36 2] [16 2] [23 37] [24 14] [20 15] [25 36] [20 7] [26 7] [16 15] [19 7] [26 12] [20 14]
 353 [23 22] [15 7] [25 13] [23 26] [22 3] [27 26] [13 8] [25 4] [24 2] [24 35] [28 25] [16 14] [25 11] [28 38] [33 14]
 354 [21 12] [27 13] [23 5] [14 34] [23 0] [32 14] [18 10] [13 7] [34 13] [26 35] [35 8] [21 23] [16 32] [21 30] [26 37]
 355 [34 20] [15 37] [29 37] [27 5] [25 36] [32 13] [39 2] [17 7] [26 36] [31 13] [17 15] [33 17] [32 14] [22 22] [24 8]
 356 [25 30] [28 39] [34 0] [28 1] [24 13] [28 10] [33 18] [16 0] [25 34] [25 38] [25 13] [29 17] [23 31] [26 34] [19 11]
 359 [31 13] [27 17] [23 11] [19 15] [15 24] [23 34] [23 12] [19 20] [18 19] [16 21] [25 19] [33 1] [18 27] [38 3] [25 30]
 357 [24 25] [27 4] [19 4] [21 2] [23 36] [25 3] [17 36] [22 9] [23 17] [18 13] [24 14] [18 16] [22 7] [21 8] [27 39]
 360 [32 15] [20 37] [11 19] [26 9] [32 12] [17 38] [29 4] [29 2] [22 17] [16 3] [28 38] [14 8] [14 2] [24 30] [15 18]
 358 [24 29] [30 15] [17 16] [14 7] [14 9] [24 28] [37 1] [25 3] [21 33] [21 24] [17 34] [26 11] [24 38] [27 8] [28 37]
 362 [33 17] [19 16] [16 5] [21 5] [20 16] [16 16] [28 19] [32 2] [13 18] [22 11] [22 16] [26 11] [26 13] [25 11] [17 29]
 361 [29 2] [27 1] [30 20] [17 27] [26 6] [26 2] [17 0] [34 18] [18 0] [25 6] [23 8] [22 19] [31 0] [24 1] [25 11]
 363 [28 9] [20 1] [11 38] [26 20] [32 20] [28 1] [16 8] [14 13] [14 32] [14 5] [18 22] [20 6] [29 15] [13 4] [14 22]
 367 [14 7] [28 10] [19 33] [17 7] [26 9] [26 16] [25 18] [34 7] [20 5] [18 27] [30 10] [20 19] [31 20] [18 37] [15 31]
 364 [25 1] [16 23] [18 39] [24 18] [16 16] [32 1] [19 21] [23 18] [17 0] [24 19] [27 8] [33 5] [24 2] [23 20] [19 11]
 365 [21 6] [19 0] [25 3] [25 4] [20 1] [39 8] [20 5] [36 6] [16 35] [13 11] [28 8] [22 18] [18 0] [22 19] [15 8]
 366 [32 1] [33 3] [17 33] [20 18] [22 5] [29 17] [38 3] [39 5] [25 5] [29 2] [18 5] [16 33] [26 19] [27 4] [29 8]
 368 [27 15] [21 20] [28 4] [18 39] [33 15] [27 17] [27 12] [33 2] [20 6] [31 1] [30 18] [28 20] [28 14] [17 20] [19 33]
 369 [28 17] [27 12] [23 14] [25 15] [18 26] [18 36] [33 19] [15 38] [33 13] [23 8] [26 8] [15 16] [30 14] [31 14] [19 35]
 371 [36 2] [18 4] [25 2] [18 0] [18 9] [17 0] [26 3] [30 14] [24 5] [15 2] [19 11] [18 37] [25 11] [26 1] [18 23]
 370 [31 19] [28 20] [18 10] [14 36] [19 39] [33 3] [25 11] [17 36] [22 11] [21 2] [19 4] [17 2] [21 5] [15 21] [13 35]
 372 [17 22] [19 19] [35 8] [17 38] [19 31] [29 7] [18 15] [33 6] [24 2] [16 9] [29 20] [18 29] [20 17] [27 19] [15 34]
 374 [34 13] [28 3] [20 15] [26 16] [34 11] [31 2] [37 1] [37 6] [16 7] [17 28] [15 17] [20 1] [17 30] [29 2] [13 31]
 373 [18 23] [35 11] [35 10] [20 18] [13 39] [13 18] [17 20] [19 11] [30 2] [20 14] [18 6] [19 20] [18 21] [34 6] [15 14]
 375 [19 3] [19 28] [23 3] [23 8] [19 21] [16 17] [36 5] [13 16] [33 9] [24 4] [22 6] [30 19] [21 20] [35 8] [31 19]
 377 [19 16] [32 9] [21 17] [14 12] [20 20] [24 20] [18 32] [22 13] [25 10] [13 11] [32 19] [29 7] [19 34] [32 5] [23 4]
 376 [21 14] [21 12] [22 6] [17 33] [14 1] [15 4] [23 8] [13 0] [27 4] [14 0] [22 13] [25 10] [18 23] [25 12] [31 10]
 379 [22 19] [17 15] [14 7] [15 33] [34 13] [33 16] [24 17] [22 3] [26 19] [34 6] [22 12] [22 15] [25 2] [26 11] [26 16]
 378 [33 3] [28 1] [29 0] [33 15] [16 21] [25 4] [31 7] [29 12] [26 14] [19 9] [27 3] [18 39] [25 13] [34 0] [24 8]
 380 [33 1] [20 18] [19 26] [18 0] [18 21] [22 18] [27 6] [12 37] [15 35] [19 18] [26 14] [18 13] [35 12] [11 9] [33 16]
 382 [24 19] [19 28] [17 23] [25 12] [25 4] [20 12] [18 28] [23 14] [20 6] [34 3] [27 11] [18 16] [13 4] [24 12] [18 34]
 381 [28 0] [15 34] [25 4] [25 12] [22 14] [34 20] [19 32] [16 5] [23 1] [33 1] [18 27] [15 24] [26 5] [33 14] [19 13]
 383 [23 5] [17 29] [18 13] [24 2] [19 3] [16 6] [23 6] [17 14] [19 37] [30 13] [29 10] [27 5] [33 14] [15 14] [26 11]
 385 [24 1] [30 8] [13 4] [27 7] [33 11] [29 2] [29 9] [32 3] [15 3] [13 1] [29 12] [19 3] [24 15] [14 10] [29 11]
 384 [22 10] [23 5] [17 9] [29 16] [24 8] [21 7] [34 16] [26 4] [18 35] [34 4] [13 8] [33 3] [16 31] [29 4] [19 12]
 387 [31 6] [29 10] [26 11] [24 14] [28 9] [18 6] [17 11] [35 20] [33 17] [15 39] [15 13] [20 8] [12 7] [23 7] [24 5]
 388 [19 31] [29 16] [31 11] [27 9] [16 36] [26 12] [25 5] [33 12] [19 6] [30 16] [22 8] [14 9] [21 13] [15 21] [24 15]
 386 [19 27] [26 4] [15 20] [22 7] [27 18] [31 1] [18 25] [31 18] [33 1] [19 36] [12 14] [25 20] [35 1] [28 17] [22 18]
 389 [34 19] [16 34] [17 14] [29 9] [25 19] [26 1] [23 19] [15 1] [31 0] [29 3] [19 38] [32 7] [13 36] [21 3] [11 0]
 391 [26 15] [24 20] [23 3] [20 4] [20 20] [22 14] [27 0] [34 20] [13 11] [17 0] [27 16] [34 18] [27 20] [33 13] [26 2]
 390 [12 21] [30 9] [29 8] [20 7] [14 29] [27 1] [15 33] [25 6] [26 1] [32 16] [26 5] [20 8] [19 7] [13 17] [26 7]
 392 [32 8] [27 8] [29 6] [33 13] [28 15] [30 17] [12 5] [31 16] [21 5] [32 9] [28 8] [20 6] [21 6] [22 6] [30 7]
 393 [27 11] [33 4] [28 18] [27 4] [24 9] [30 4] [17 9] [19 14] [33 11] [24 15] [28 7] [27 20] [25 13] [23 11] [19 6]
 394 [25 3] [25 8] [24 3] [24 17] [25 7] [20 17] [28 0] [18 18] [24 19] [29 6] [20 3] [33 15] [28 2] [28 6] [35 3]
 395 [21 0] [31 9] [30 6] [27 6] [24 18] [22 4] [29 2] [25 5] [23 8] [25 1] [22 6] [25 10] [33 0] [30 4] [36 1]
 396 [29 1] [19 3] [25 18] [28 5] [24 17] [28 3] [28 0] [21 4] [15 12] [26 18] [28 6] [30 6] [19 4] [24 2] [32 19]
 397 [24 9] [18 8] [23 8] [26 8] [26 12] [17 11] [17 16] [27 16] [25 19] [21 6] [24 5] [28 14] [21 12] [24 10] [18 16]
 399 [24 17] [19 4] [29 7] [26 16] [19 13] [30 11] [22 19] [23 4] [30 4] [26 19] [31 17] [15 15] [18 4] [27 4] [17 12]
 398 [19 10] [23 5] [21 19] [32 1] [22 14] [26 14] [18 17] [22 20] [29 18] [38 2] [25 19] [25 20] [11 6] [33 18] [32 12]
 403 [20 19] [33 3] [25 15] [32 1] [12 5] [22 16] [23 20] [22 15] [26 19] [32 13] [38 2] [31 19] [35 4] [17 15] [16 9]
 402 [20 9] [27 0] [26 6] [19 5] [18 20] [21 8] [19 6] [32 16] [31 7] [17 6] [22 3] [26 11] [16 17] [28 0] [26 2]
 401 [23 4] [28 2] [29 5] [31 1] [38 14] [20 5] [28 1] [23 2] [24 11] [23 16] [34 5] [27 16] [31 6] [12 2] [26 4]
 400 [30 11] [27 19] [24 12] [13 3] [30 12] [25 10] [24 19] [28 14] [30 1] [24 14] [28 18] [16 15] [26 1] [27 9] [17 15]
 405 [28 11] [31 18] [19 11] [35 5] [13 16] [34 18] [29 13] [22 10] [26 16] [20 12] [35 12] [23 17] [24 18] [27 14] [31 16]
 404 [23 13] [23 15] [25 7] [34 9] [34 7] [30 9] [16 12] [20 8] [17 15] [24 2] [23 5] [18 3] [21 2] [24 1] [11 12]
 407 [24 10] [26 15] [25 15] [27 12] [27 1] [36 4] [23 10] [32 13] [32 15] [21 1] [36 3] [30 10] [25 9] [19 10] [21 15]
 406 [31 3] [25 19] [30 10] [17 14] [26 6] [24 5] [12 1] [29 5] [19 18] [27 1] [30 8] [21 20] [20 3] [23 0] [27 0]
 408 [14 10] [18 6] [30 11] [26 7] [25 4] [33 9] [24 5] [14 15] [19 4] [24 19] [28 2] [24 2] [23 7] [20 11] [32 8]
 410 [25 13] [37 2] [26 14] [16 15] [28 0] [18 6] [31 1] [18 7] [23 6] [28 3] [16 14] [24 13] [25 8] [21 2] [13 4]
 412 [28 19] [26 20] [31 16] [27 17] [33 8] [25 17] [19 19] [18 1] [27 12] [23 1] [14 14] [22 17] [17 18] [22 16] [24 13]
 409 [14 14] [22 2] [29 12] [23 11] [17 3] [25 2] [28 8] [25 11] [23 1] [25 15] [14 3] [17 2] [38 9] [25 6] [19 1]
 413 [30 15] [37 2] [21 6] [28 16] [26 18] [27 7] [22 19] [26 8] [26 17] [21 15] [12 16] [32 11] [26 12] [22 16] [29 8]
 411 [19 7] [37 4] [33 4] [32 7] [37 2] [27 2] [31 3] [24 3] [36 10] [25 18] [23 8] [35 20] [22 17] [23 20] [23 2]
 414 [25 20] [35 16] [17 6] [18 0] [19 4] [21 1] [21 10] [24 12] [32 7] [21 8] [27 8] [25 10] [28 12] [17 13] [17 1]
 415 [25 17] [19 15] [27 17] [31 1] [25 14] [25 13] [19 14] [32 14] [27 10] [19 16] [23 2] [19 5] [23 0] [26 19] [30 15]
 417 [27 10] [19 16] [24 9] [27 8] [27 9] [19 12] [15 16] [19 14] [12 14] [20 8] [27 6] [21 10] [35 7] [15 4] [18 20]
 416 [26 5] [22 1] [32 18] [23 1] [17 11] [30 19] [20 7] [28 7] [35 3] [14 7] [19 0] [26 1] [29 3] [35 20] [22 16]
 420 [35 12] [19 7] [31 11] [25 19] [19 9] [28 15] [29 6] [26 14] [29 13] [35 7] [17 19] [28 11] [33 16] [24 10] [24 5]
 418 [35 4] [25 4] [34 14] [31 2] [19 14] [32 11] [31 0] [15 7] [14 9] [31 8] [18 17] [32 1] [34 16] [18 18] [34 11]
 419 [29 6] [20 16] [25 7] [20 3] [18 0] [20 18] [26 6] [21 20] [13 18] [31 9] [16 20] [29 11] [32 8] [15 13] [24 20]
 421 [24 13] [33 12] [18 0] [17 16] [25 4] [29 1] [25 12] [20 1] [22 4] [31 4] [22 3] [31 3] [26 7] [23 8] [18 5]
 423 [34 6] [33 19] [24 6] [16 13] [23 11] [30 5] [24 13] [30 1] [19 16] [17 10] [18 4] [12 14] [34 14] [26 8] [17 8]
 422 [31 14] [30 4] [29 4] [33 19] [21 19] [15 0] [28 20] [25 16] [22 15] [20 20] [18 14] [25 12] [28 17] [14 16] [16 15]
 424 [25 14] [29 16] [26 18] [24 14] [21 19] [28 6] [22 9] [33 17] [17 13] [25 18] [21 20] [29 12] [33 15] [20 16] [25 6]
 425 [31 12] [28 14] [19 10] [18 14] [27 1] [28 16] [18 4] [25 17] [23 11] [17 4] [33 13] [22 9] [21 10] [26 1] [18 7]
 427 [16 13] [27 18] [28 7] [32 16] [28 16] [14 2] [14 14] [35 14] [29 12] [21 15] [17 0] [38 6] [23 14] [30 8] [30 10]
 426 [24 13] [34 13] [22 6] [24 20] [29 19] [25 6] [13 4] [26 16] [35 18] [34 9] [33 4] [18 11] [23 13] [17 9] [31 13]
 428 [28 17] [26 11] [18 2] [34 14] [29 14] [26 13] [16 0] [34 12] [22 0] [27 8] [17 8] [35 20] [25 15] [13 3] [14 0]
 429 [28 3] [18 1] [27 18] [32 3] [14 12] [27 8] [38 1] [30 8] [26 2] [34 3] [24 1] [31 10] [29 20] [27 4] [17 20]
 431 [24 8] [27 5] [17 6] [21 11] [33 17] [25 12] [34 20] [18 12] [16 11] [29 4] [23 18] [25 8] [25 7] [20 14] [22 4]
 430 [21 17] [27 0] [18 7] [27 3] [24 6] [33 6] [13 20] [17 19] [17 7] [26 1] [25 9] [27 19] [28 0] [23 20] [23 7]
 432 [15 3] [37 1] [33 3] [18 7] [21 3] [27 3] [22 2] [25 14] [21 14] [20 9] [31 15] [24 16] [23 7] [24 10] [16 9]
 435 [34 1] [16 10] [34 16] [15 19] [19 15] [27 3] [35 19] [23 15] [29 4] [17 20] [13 2] [29 0] [26 7] [29 3] [14 12]
 433 [22 15] [30 4] [29 5] [29 6] [35 0] [26 18] [17 11] [16 9] [24 2] [30 0] [18 15] [22 19] [19 11] [21 10] [20 0]
 434 [19 13] [37 12] [22 15] [16 5] [21 8] [25 7] [23 18] [15 6] [25 15] [27 5] [14 5] [13 13] [24 17] [22 8] [24 6]
 436 [24 1] [25 7] [30 5] [22 4] [20 1] [27 11] [29 14] [19 10] [25 10] [27 16] [15 16] [28 0] [27 14] [20 12] [23 14]
 437 [34 7] [29 9] [26 20] [26 1] [25 9] [15 19] [25 16] [26 16] [21 19] [25 12] [14 15] [28 19] [28 15] [13 14] [30 16]
 438 [21 5] [25 1] [21 7] [26 4] [30 3] [18 16] [23 10] [27 16] [21 8] [28 12] [30 7] [35 20] [27 7] [22 10] [22 2]
 439 [34 8] [23 4] [18 14] [20 18] [26 0] [23 17] [33 15] [33 5] [35 9] [32 16] [15 2] [19 13] [32 1] [31 11] [26 2]
 440 [32 11] [21 9] [21 19] [18 0] [31 1] [28 9] [24 7] [34 9] [30 13] [29 16] [15 18] [27 10] [29 5] [25 0] [31 13]
 441 [26 9] [25 4] [24 2] [23 0] [30 12] [21 5] [34 9] [16 8] [29 6] [22 14] [22 11] [19 11] [26 13] [23 3] [30 9]
 442 [25 2] [26 18] [20 1] [25 1] [22 16] [12 19] [26 14] [27 11] [30 18] [26 17] [31 11] [23 3] [37 2] [33 15] [28 15]
 444 [28 19] [21 12] [26 19] [14 18] [32 12] [34 18] [22 11] [29 3] [17 10] [15 13] [20 9] [19 1] [31 20] [24 15] [19 17]
 443 [26 15] [23 10] [18 8] [16 14] [30 9] [16 3] [14 8] [30 5] [18 3] [33 5] [17 11] [23 6] [26 8] [17 0] [21 2]
 446 [27 4] [32 14] [29 10] [26 8] [35 10] [23 5] [23 8] [28 16] [27 0] [22 7] [36 0] [28 13] [28 11] [30 10] [23 6]
 445 [16 20] [27 12] [24 3] [25 16] [25 13] [22 12] [24 10] [27 6] [15 8] [22 8] [25 8] [21 0] [33 5] [26 14] [16 0]
 447 [26 9] [31 8] [35 14] [19 16] [28 16] [30 13] [31 16] [26 7] [30 2] [24 6] [31 5] [24 8] [34 11] [24 13] [19 10]
 448 [25 4] [32 17] [19 11] [21 6] [34 14] [23 12] [31 4] [32 11] [28 13] [28 10] [19 7] [24 6] [24 15] [13 13] [18 14]
 450 [16 12] [24 20] [23 15] [33 19] [26 0] [17 11] [29 19] [24 18] [26 20] [29 9] [27 15] [27 18] [21 2] [27 1] [30 20]
 449 [15 8] [21 7] [18 8] [17 17] [24 14] [26 14] [28 5] [38 1] [19 9] [15 9] [27 12] [25 6] [26 15] [20 12] [24 18]
 452 [25 12] [32 13] [27 21] [16 28] [30 14] [30 15] [21 37] [27 7] [27 15] [23 19] [31 16] [27 0] [13 30] [20 2] [22 17] [16 18] [22 20] [16 38] [18 22] [26 13]
 455 [30 23] [25 34] [33 37] [32 26] [35 7] [32 17] [31 23] [27 4] [31 38] [24 15] [23 12] [16 10] [26 26] [22 34] [26 4] [34 30] [15 7] [33 8] [20 6] [24 23]
 453 [18 1] [22 28] [26 5] [23 32] [34 22] [34 21] [19 34] [31 17] [27 8] [32 30] [30 2] [25 13] [27 30] [28 16] [29 20] [24 3] [17 15] [23 13] [22 30] [28 21]
 451 [33 7] [18 10] [29 6] [27 17] [23 10] [23 11] [16 10] [35 33] [35 18] [28 4] [25 6] [26 17] [27 16] [35 5] [20 12] [32 3] [24 15] [22 14] [22 39] [21 13]
 454 [23 29] [16 2] [17 8] [27 2] [26 5] [30 23] [18 17] [30 39] [23 28] [24 26] [14 37] [26 3] [34 5] [35 32] [20 20] [33 20] [24 23] [18 34] [11 37] [26 30]
 457 [38 33] [16 5] [25 16] [14 24] [29 0] [28 23] [35 21] [30 18] [23 0] [20 24] [30 21] [23 29] [25 37] [34 14] [31 26] [35 9] [23 7] [17 29] [16 10] [19 27]
 461 [34 22] [19 1] [25 27] [24 3] [26 15] [26 1] [28 31] [13 6] [22 8] [28 16] [29 14] [24 25] [29 17] [28 34] [19 17] [13 25] [29 26] [12 26] [30 23] [31 28]
 456 [28 3] [16 3] [19 7] [28 23] [34 8] [23 16] [19 0] [33 31] [24 16] [13 21] [30 8] [35 29] [16 31] [31 1] [20 26] [27 7] [22 0] [19 22] [18 28] [26 4]
 459 [18 18] [23 19] [16 22] [24 15] [18 38] [19 28] [32 34] [16 23] [33 15] [24 2] [27 32] [39 16] [31 7] [13 12] [26 18] [21 17] [26 30] [23 1] [17 2] [24 4]
 462 [11 6] [25 22] [26 25] [18 13] [22 35] [31 2] [21 32] [21 0] [32 0] [24 20] [29 22] [27 20] [29 15] [31 7] [20 27] [31 22] [19 28] [34 2] [31 29] [17 38]
 463 [26 16] [21 3] [29 29] [14 23] [34 26] [28 19] [30 18] [33 7] [30 33] [21 32] [31 33] [20 30] [30 20] [25 14] [21 9] [27 32] [24 18] [26 20] [30 2] [25 19]
 458 [22 18] [25 6] [30 0] [35 22] [29 4] [14 37] [24 19] [19 17] [20 28] [33 19] [32 18] [35 4] [26 38] [26 37] [27 22] [13 17] [23 0] [26 4] [23 25] [22 29]
 460 [25 38] [31 19] [12 5] [17 19] [22 31] [31 11] [34 4] [16 31] [32 27] [18 18] [32 29] [37 6] [27 36] [25 30] [24 35] [16 29] [24 8] [26 29] [19 28] [29 24]
 467 [25 25] [22 17] [24 9] [30 14] [15 37] [30 35] [15 5] [30 1] [27 20] [29 17] [20 22] [19 25] [20 37] [27 33] [26 22] [28 30] [21 0] [31 22] [26 28] [25 9]
 465 [31 2] [14 37] [15 27] [31 25] [27 38] [26 15] [23 17] [26 14] [16 28] [16 30] [30 13] [27 18] [16 32] [19 16] [17 1] [20 5] [26 26] [12 26] [27 15] [24 19]
 464 [25 31] [16 25] [33 7] [21 39] [34 17] [23 11] [28 7] [27 10] [25 38] [37 38] [21 37] [33 13] [15 0] [15 25] [31 26] [20 8] [21 34] [14 23] [29 0] [23 18]
 466 [33 3] [19 10] [19 39] [21 34] [22 27] [29 4] [29 29] [28 38] [24 32] [20 31] [23 36] [22 23] [32 16] [29 15] [27 25] [16 8] [24 8] [24 36] [21 18] [31 29]
 468 [34 1] [32 21] [13 26] [25 9] [32 22] [23 20] [18 11] [25 12] [33 37] [25 39] [25 11] [32 9] [22 38] [31 2] [23 17] [34 22] [16 34] [30 25] [30 18] [15 29]
 470 [31 10] [20 31] [24 26] [12 20] [34 1] [20 10] [17 30] [31 35] [24 19] [22 38] [17 24] [23 13] [19 33] [20 39] [26 30] [22 19] [23 17] [20 27] [28 15] [26 13]
 469 [27 17] [15 23] [23 31] [25 28] [34 29] [30 31] [21 39] [28 12] [22 31] [30 28] [25 38] [25 34] [21 27] [27 23] [25 16] [33 34] [19 2] [19 4] [23 38] [34 15]
 471 [34 5] [35 39] [22 29] [28 25] [27 22] [16 4] [31 6] [28 39] [32 5] [22 15] [24 24] [35 35] [19 28] [19 10] [24 21] [23 28] [26 11] [30 28] [22 27] [23 23]
 474 [29 22] [19 15] [15 33] [23 9] [26 16] [31 17] [21 13] [24 18] [13 26] [20 32] [25 37] [30 36] [27 38] [19 32] [24 16] [30 28] [30 12] [25 10] [27 22] [34 37]
 472 [33 20] [29 2] [27 12] [30 22] [23 33] [24 27] [17 2] [23 9] [29 37] [22 2] [23 34] [19 5] [29 38] [17 32] [17 30] [24 36] [20 4] [31 28] [23 25] [30 11]
 476 [24 23] [29 22] [15 5] [19 21] [23 5] [22 23] [36 37] [31 39] [29 32] [31 5] [32 31] [31 0] [33 2] [25 26] [14 4] [15 13] [29 0] [30 13] [19 36] [32 36]
 477 [33 15] [20 2] [27 16] [29 21] [22 8] [29 12] [30 31] [23 5] [32 30] [16 39] [18 1] [20 11] [22 12] [18 15] [20 24] [12 31] [19 24] [28 20] [27 37] [12 25]
 475 [12 28] [27 20] [24 28] [30 14] [25 14] [19 16] [23 11] [14 19] [33 23] [31 1] [28 27] [26 13] [25 22] [24 5] [28 29] [13 2] [28 7] [25 32] [30 16] [21 21]
 473 [25 0] [26 2] [26 27] [26 3] [27 24] [30 18] [33 19] [17 32] [24 2] [33 9] [23 14] [32 25] [26 29] [21 38] [24 37] [31 4] [25 1] [31 39] [32 21] [16 2]
 478 [20 19] [21 11] [30 25] [37 0] [18 11] [26 3] [36 35] [29 34] [34 9] [25 35] [23 0] [25 29] [21 10] [29 8] [25 13] [27 29] [29 15] [28 0] [25 15] [28 6]
 479 [31 2] [35 17] [25 37] [33 16] [32 28] [22 37] [28 17] [31 7] [17 39] [24 16] [27 6] [28 15] [39 27] [32 9] [16 21] [33 36] [25 1] [18 35] [17 31] [31 27]
 480 [25 3] [25 39] [27 25] [23 3] [20 5] [21 29] [23 5] [19 38] [36 30] [29 21] [21 8] [16 3] [20 3] [21 12] [21 21] [26 3] [21 14] [25 38] [11 39] [23 30]
 482 [24 31] [21 29] [21 28] [31 12] [12 37] [21 15] [20 29] [25 27] [36 1] [13 11] [13 37] [21 24] [32 9] [27 12] [25 22] [27 28] [29 11] [22 28] [21 21] [19 9]
 481 [25 20] [23 23] [15 22] [18 21] [26 16] [28 16] [24 14] [30 12] [25 17] [16 7] [23 20] [29 31] [14 28] [24 12] [27 32] [26 35] [14 38] [24 7] [22 17] [28 25]
 483 [18 9] [33 15] [28 23] [13 5] [28 31] [13 4] [34 18] [31 2] [22 16] [22 11] [25 20] [31 6] [24 39] [28 3] [23 11] [22 21] [18 16] [22 20] [29 0] [24 23]
 484 [37 14] [13 17] [29 2] [28 8] [19 15] [22 3] [29 35] [11 17] [28 37] [26 9] [22 24] [29 14] [35 0] [20 31] [18 5] [23 13] [31 1] [15 32] [26 14] [22 22]
 485 [22 7] [17 37] [28 3] [23 8] [21 0] [20 7] [23 11] [27 2] [18 3] [20 25] [22 29] [17 1] [25 8] [26 26] [26 2] [25 2] [23 17] [33 16] [23 1] [21 13]
 486 [21 29] [20 24] [16 10] [31 19] [27 14] [27 26] [26 25] [25 20] [30 15] [31 17] [30 3] [19 5] [25 34] [23 2] [27 13] [28 17] [24 24] [26 3] [16 31] [20 26]
 487 [25 39] [14 15] [27 25] [34 15] [37 0] [25 6] [23 39] [16 33] [14 34] [29 39] [27 35] [26 38] [24 26] [25 22] [21 6] [23 18] [27 16] [15 24] [23 38] [32 19]
 490 [28 29] [20 26] [27 23] [18 18] [16 2] [14 37] [35 9] [26 19] [33 5] [19 23] [24 7] [22 0] [24 9] [25 27] [14 14] [12 31] [27 34] [28 27] [14 12] [27 11]
 488 [24 23] [28 36] [26 28] [23 26] [25 0] [20 19] [24 10] [19 19] [36 0] [32 19] [22 28] [22 18] [24 26] [20 31] [30 1] [15 28] [21 34] [22 39] [28 35] [23 5]
 491 [37 14] [26 28] [21 17] [13 6] [24 17] [23 31] [20 31] [13 13] [24 15] [35 7] [13 7] [24 34] [27 26] [20 32] [27 25] [19 24] [35 11] [24 4] [27 1] [27 30]
 489 [23 26] [27 27] [19 10] [33 20] [30 19] [30 18] [17 14] [19 17] [33 9] [30 16] [26 16] [22 34] [23 20] [26 30] [23 13] [14 33] [26 26] [15 21] [27 18] [29 4]
 493 [23 33] [32 2] [31 17] [31 11] [13 22] [21 33] [28 30] [27 22] [11 35] [11 3] [22 14] [13 23] [29 39] [28 27] [29 36] [29 32] [16 20] [25 28] [19 32] [23 3]
 492 [27 25] [29 27] [21 5] [22 10] [25 39] [29 36] [30 4] [11 20] [22 1] [20 21] [18 25] [19 39] [24 39] [28 39] [27 28] [32 18] [21 36] [19 24] [26 9] [23 19]
 494 [27 38] [23 15] [26 30] [22 1] [35 7] [36 4] [27 35] [17 24] [13 11] [25 15] [17 14] [34 11] [38 2] [29 36] [16 2] [16 32] [15 38] [26 23] [28 19] [24 37]
 497 [25 35] [21 11] [33 14] [30 9] [24 37] [27 12] [14 2] [27 38] [30 2] [27 3] [21 31] [24 11] [16 39] [17 27] [24 15] [18 12] [16 34] [22 18] [17 37] [16 14]
 496 [23 25] [23 12] [15 34] [30 10] [31 16] [21 24] [25 13] [24 29] [27 8] [18 35] [15 21] [31 13] [23 16] [23 10] [34 13] [22 35] [34 10] [26 37] [19 14] [14 5]
 495 [34 0] [28 13] [15 10] [18 19] [17 20] [22 2] [18 32] [24 38] [25 29] [21 36] [22 39] [38 10] [33 18] [16 3] [18 34] [24 34] [25 39] [26 16] [27 15] [24 12]
 498 [29 10] [23 14] [24 14] [14 0] [24 6] [21 13] [25 4] [27 8] [23 23] [33 11] [23 15] [15 20] [28 9] [18 8] [22 2] [18 37] [20 27] [21 27] [21 35] [34 5]
 499 [29 21] [17 16] [31 10] [25 28] [23 11] [23 20] [25 11] [28 35] [18 3] [13 13] [11 22] [26 31] [19 23] [26 26] [27 9] [32 6] [31 9] [17 3] [17 31] [23 0]
 500 [15 39] [28 18] [15 15] [29 3] [26 25] [29 36] [31 20] [19 37] [23 5] [19 19] [22 36] [27 6] [21 35] [29 10] [15 36] [19 13] [17 5] [12 26] [19 15] [14 21]
 502 [25 26] [28 2] [25 38] [27 0] [24 10] [17 22] [27 23] [16 17] [16 14] [25 19] [14 19] [28 30] [27 15] [15 36] [26 26] [30 12] [14 4] [16 7] [31 17] [29 19]
 501 [30 8] [27 25] [27 38] [21 20] [26 26] [29 6] [34 9] [23 20] [26 7] [13 3] [25 25] [14 5] [27 21] [19 35] [22 5] [31 17] [25 18] [24 2] [32 19] [25 24]
 505 [21 36] [17 24] [25 19] [26 12] [24 7] [23 12] [28 16] [32 6] [30 2] [16 18] [17 28] [25 8] [27 39] [17 23] [29 12] [25 6] [21 18] [20 18] [22 36] [25 21]
 503 [20 24] [31 16] [25 29] [27 32] [24 31] [28 37] [30 10] [25 25] [19 15] [18 32] [14 27] [18 24] [24 2] [16 10] [26 12] [28 30] [25 35] [25 17] [19 29] [26 13]
 504 [20 14] [31 18] [20 10] [20 3] [18 12] [29 25] [17 6] [35 6] [22 10] [19 14] [20 9] [20 21] [24 6] [20 5] [14 4] [18 19] [14 12] [34 9] [28 21] [32 13]
 507 [28 37] [24 13] [18 32] [28 26] [18 37] [22 16] [28 34] [30 12] [22 21] [25 11] [26 30] [18 34] [27 33] [26 29] [17 5] [19 4] [21 4] [26 16] [23 37] [27 20]
 506 [30 7] [23 3] [29 14] [28 7] [27 6] [24 6] [13 4] [16 15] [20 28] [28 3] [27 39] [29 38] [32 8] [30 12] [31 9] [29 12] [28 4] [22 39] [17 35] [24 8]
 508 [19 34] [28 31] [26 24] [32 16] [23 29] [27 5] [24 32] [35 1] [15 21] [16 10] [29 37] [29 3] [23 37] [20 25] [29 8] [24 23] [17 37] [23 20] [17 29] [16 19]
 509 [24 10] [25 28] [18 16] [20 7] [28 8] [21 34] [26 39] [19 9] [24 26] [21 8] [24 32] [31 7] [19 5] [18 12] [20 27] [31 6] [17 29] [20 38] [34 20] [26 34]
 510 [17 14] [33 5] [23 3] [22 1] [24 12] [21 34] [39 1] [29 2] [28 25] [30 4] [23 33] [25 32] [23 35] [28 24] [17 25] [19 17] [36 2] [25 20] [22 29] [21 15]
 511 [23 17] [35 14] [33 5] [26 15] [25 15] [31 20] [14 3] [13 18] [19 33] [29 20] [26 5] [11 14] [15 23] [28 6] [13 5] [30 10] [16 25] [23 7] [23 8] [28 16]
 512 [24 7] [28 10] [16 35] [22 1] [26 14] [35 11] [27 12] [17 20] [11 22] [22 7] [19 4] [16 1] [17 19] [26 4] [26 5] [16 9] [20 10] [24 3] [26 16] [32 8]
 513 [25 10] [29 11] [16 19] [30 2] [28 3] [20 7] [19 27] [17 7] [26 12] [32 2] [27 6] [27 14] [32 6] [19 29] [25 12] [19 4] [25 8] [16 21] [24 10] [32 8]
 515 [31 0] [20 4] [26 1] [13 19] [25 14] [26 9] [17 30] [19 25] [28 9] [17 24] [15 29] [29 16] [30 12] [26 5] [17 34] [12 25] [22 12] [24 15] [20 11] [25 15]
 516 [23 8] [19 36] [32 16] [11 18] [19 23] [19 28] [23 13] [25 4] [18 31] [33 18] [21 14] [19 6] [24 12] [25 5] [30 5] [33 4] [15 19] [16 26] [19 22] [15 6]
 514 [25 15] [21 13] [20 0] [13 28] [30 12] [17 5] [19 26] [24 5] [33 7] [30 7] [15 1] [14 38] [19 25] [29 12] [31 8] [19 14] [24 7] [25 8] [25 13] [17 1]
 517 [23 14] [21 13] [22 18] [32 17] [18 3] [25 14] [14 4] [27 8] [29 12] [19 0] [19 34] [19 12] [19 32] [28 19] [26 8] [16 17] [14 19] [29 19] [28 8] [29 8]
 521 [30 15] [27 5] [23 18] [30 18] [15 31] [17 15] [13 10] [20 15] [34 20] [23 11] [30 19] [31 8] [29 15] [32 7] [17 11] [23 4] [17 39] [26 11] [24 15] [14 36]
 519 [15 21] [22 19] [13 20] [17 20] [25 13] [20 17] [17 11] [20 15] [17 6] [16 12] [30 13] [18 31] [19 33] [17 24] [13 13] [16 39] [19 15] [13 14] [28 5] [18 39]
 518 [34 1] [26 15] [18 15] [30 13] [26 16] [33 16] [30 9] [24 13] [32 9] [18 28] [21 12] [16 38] [21 0] [19 24] [19 34] [13 7] [24 12] [23 14] [28 14] [29 14]
 520 [25 9] [12 14] [28 16] [17 7] [37 0] [22 12] [15 35] [26 16] [27 19] [23 13] [22 20] [18 25] [30 17] [27 20] [36 1] [24 15] [17 34] [30 0] [33 6] [35 8]
 522 [21 19] [26 16] [18 5] [28 0] [13 37] [35 2] [16 26] [27 17] [16 39] [24 14] [18 35] [26 12] [14 1] [31 14] [20 17] [29 12] [32 12] [21 3] [15 19] [17 30]
 523 [38 3] [27 4] [19 29] [22 5] [27 15] [19 15] [22 0] [27 6] [36 4] [28 2] [24 13] [12 8] [28 15] [18 27] [25 10] [29 13] [26 2] [19 28] [21 2] [23 11]
 524 [16 7] [34 1] [17 8] [12 26] [25 9] [18 11] [19 26] [16 9] [18 10] [14 16] [24 17] [12 15] [15 6] [34 18] [19 12] [18 39] [23 14] [19 33] [14 18] [14 39]
 525 [24 8] [20 14] [12 21] [25 7] [18 26] [33 11] [16 21] [12 29] [22 20] [29 11] [25 17] [29 10] [19 19] [25 11] [18 19] [26 10] [13 1] [23 18] [30 9] [24 14]
 528 [32 7] [33 15] [29 20] [24 14] [22 9] [29 13] [19 30] [27 18] [33 16] [12 8] [25 7] [27 9] [31 13] [29 15] [22 17] [25 18] [17 21] [21 9] [21 12] [33 18]
 527 [25 13] [28 11] [19 27] [13 6] [24 0] [21 9] [21 7] [13 7] [24 9] [28 5] [18 31] [38 3] [22 10] [28 15] [22 7] [26 8] [36 11] [27 4] [21 8] [24 1]
 526 [30 8] [29 6] [25 11] [24 11] [25 9] [23 8] [27 6] [26 7] [35 10] [16 10] [28 6] [20 14] [22 10] [30 11] [17 5] [27 3] [17 31] [31 15] [20 2] [11 23]
 529 [30 10] [21 11] [30 0] [25 13] [16 39] [16 4] [25 0] [13 6] [27 14] [17 10] [13 11] [19 3] [16 25] [20 15] [17 28] [32 15] [26 8] [33 11] [24 8] [29 11]
 530 [19 15] [25 12] [19 6] [19 11] [19 29] [19 32] [23 7] [14 8] [23 14] [30 6] [29 7] [18 15] [29 2] [18 38] [29 4] [28 4] [19 12] [20 11] [22 13] [21 10]
 531 [16 25] [26 3] [23 6] [26 1] [28 20] [19 10] [33 12] [18 1] [29 20] [17 21] [23 1] [24 8] [24 19] [26 5] [35 6] [16 39] [19 30] [25 2] [23 11] [28 6]
 534 [19 13] [24 16] [28 16] [17 31] [18 7] [24 19] [24 20] [13 18] [14 37] [17 39] [25 11] [12 10] [22 9] [37 6] [25 6] [26 5] [30 15] [15 33] [19 14] [16 35]
 532 [26 20] [18 23] [34 4] [22 16] [22 0] [12 24] [32 7] [30 20] [23 5] [19 20] [20 8] [23 19] [31 11] [34 10] [20 4] [25 4] [21 3] [34 7] [25 6] [18 2]
 533 [27 2] [30 8] [15 4] [16 12] [30 0] [27 7] [31 13] [26 9] [23 8] [28 11] [31 4] [27 11] [24 16] [21 5] [13 15] [20 4] [30 13] [25 9] [15 15] [21 11]
 536 [11 34] [22 15] [29 14] [30 5] [30 7] [17 8] [31 16] [30 20] [28 8] [27 9] [13 6] [16 26] [27 12] [24 11] [25 15] [39 5] [19 34] [30 8] [26 17] [18 23]
 537 [30 8] [22 9] [19 13] [24 14] [29 2] [26 13] [17 25] [31 16] [13 39] [16 4] [25 7] [34 9] [27 9] [11 20] [14 26] [31 2] [24 3] [15 39] [27 2] [25 0]
 535 [20 9] [14 0] [32 20] [26 9] [29 5] [20 17] [12 34] [13 34] [27 7] [13 27] [25 7] [19 39] [28 20] [22 20] [35 0] [26 19] [33 10] [22 8] [16 18] [31 2]
 538 [32 15] [21 1] [25 8] [24 6] [17 38] [30 4] [33 0] [26 8] [18 28] [22 15] [27 13] [16 27] [28 14] [24 9] [19 8] [29 7] [19 16] [27 3] [21 16] [23 7]
 539 [14 37] [24 19] [27 18] [27 13] [16 22] [21 17] [16 2] [19 32] [20 14] [14 16] [12 24] [27 15] [19 27] [26 0] [34 1] [19 29] [27 1] [14 5] [22 2] [17 37]
 543 [20 8] [28 15] [19 19] [16 16] [22 17] [25 12] [18 13] [14 6] [18 14] [29 3] [30 16] [31 14] [30 18] [28 11] [27 15] [30 11] [16 4] [28 17] [36 3] [32 17]
 540 [32 14] [22 3] [19 24] [19 31] [19 12] [18 0] [30 14] [34 11] [31 16] [24 12] [35 10] [17 4] [34 9] [18 21] [27 8] [21 12] [28 7] [25 7] [18 2] [21 20]
 541 [19 0] [17 9] [20 14] [31 4] [29 11] [22 15] [23 12] [24 2] [24 7] [31 0] [21 6] [26 13] [22 1] [30 1] [25 11] [17 8] [18 12] [33 11] [20 10] [17 16]
 542 [20 8] [26 10] [22 10] [25 20] [20 10] [27 8] [27 19] [18 16] [26 16] [24 19] [25 10] [19 11] [20 0] [35 18] [30 14] [25 15] [13 12] [28 19] [20 16] [31 20]
 544 [15 5] [28 8] [25 15] [24 16] [27 4] [20 5] [22 16] [14 15] [24 17] [21 14] [14 18] [25 17] [28 15] [27 20] [17 17] [24 4] [24 15] [14 6] [29 13] [16 14]
 545 [24 15] [25 5] [33 6] [14 12] [30 3] [30 18] [21 19] [22 4] [22 20] [35 5] [28 0] [19 15] [27 3] [24 0] [16 14] [33 4] [27 2] [33 18] [28 4] [24 20]
 546 [22 11] [22 10] [16 10] [31 5] [21 9] [22 0] [26 7] [24 10] [28 1] [23 8] [21 3] [25 7] [28 16] [32 4] [29 11] [11 2] [20 16] [22 6] [23 6] [16 11]
 547 [29 8] [28 4] [27 14] [17 8] [22 11] [26 8] [22 12] [12 20] [27 9] [31 13] [31 8] [24 6] [32 8] [22 16] [37 9] [22 13] [35 7] [17 6] [22 5] [22 9]
 548 [19 18] [35 4] [26 11] [27 14] [25 13] [24 9] [35 20] [26 19] [19 17] [23 4] [26 10] [21 15] [13 10] [27 9] [28 20] [31 1] [25 11] [14 7] [22 13] [25 17]
 550 [25 5] [26 0] [19 3] [30 0] [27 6] [15 2] [28 15] [22 7] [33 14] [20 0] [25 3] [28 14] [30 14] [28 9] [23 16] [34 11] [18 16] [31 6] [34 14] [27 14]
 549 [34 19] [19 15] [28 7] [27 10] [12 7] [26 5] [32 10] [25 20] [21 4] [34 8] [26 3] [30 20] [22 7] [25 18] [29 9] [21 2] [34 5] [13 8] [32 0] [19 20]
 551 [19 10] [13 9] [26 12] [19 15] [26 7] [24 1] [30 13] [24 3] [23 12] [14 0] [22 11] [28 16] [26 8] [30 0] [28 13] [29 8] [35 16] [21 14] [25 8] [18 11]
 553 [26 2] [27 9] [21 2] [33 3] [25 14] [27 15] [28 12] [25 10] [22 9] [26 13] [21 0] [27 13] [19 2] [23 12] [12 10] [26 11] [23 1] [33 12] [30 1] [25 11]
 552 [29 14] [32 9] [33 10] [33 12] [20 9] [19 20] [27 18] [14 4] [27 16] [21 16] [14 5] [24 15] [26 1] [16 6] [28 0] [23 19] [23 15] [16 9] [19 13] [22 12]
 556 [25 12] [26 4] [25 13] [16 10] [21 8] [19 9] [27 8] [26 11] [21 17] [18 7] [32 10] [26 18] [27 12] [21 13] [31 16] [29 11] [31 13] [14 18] [30 11] [28 10]
 554 [20 8] [25 11] [30 2] [11 0] [32 0] [31 7] [25 2] [24 13] [24 3] [25 15] [22 3] [34 0] [19 10] [34 15] [29 4] [19 0] [34 18] [17 2] [34 6] [23 8]
 555 [21 2] [31 19] [33 10] [18 12] [23 11] [23 8] [22 2] [23 5] [24 9] [28 1] [32 9] [25 11] [19 10] [19 6] [20 3] [34 20] [33 8] [26 6] [30 8] [23 3]
 557 [28 6] [22 14] [29 3] [24 3] [23 8] [36 3] [27 4] [33 16] [24 12] [28 11] [31 0] [27 7] [33 15] [28 9] [29 7] [26 7] [27 0] [25 15] [24 8] [16 9]
 558 [27 10] [21 5] [31 12] [21 17] [21 11] [11 17] [31 13] [28 5] [20 8] [29 20] [16 4] [26 18] [24 12] [22 14] [23 15] [24 9] [16 9] [31 8] [22 12] [25 6]
 559 [23 6] [27 16] [23 5] [23 19] [26 16] [26 11] [24 15] [26 18] [16 14] [17 17] [14 12] [25 19] [35 7] [22 12] [25 9] [13 3] [21 16] [21 10] [28 20] [33 17]
 561 [23 14] [30 8] [23 10] [28 8] [23 6] [21 5] [22 9] [22 6] [30 3] [26 2] [25 8] [36 1] [35 11] [35 14] [27 6] [29 7] [19 2] [26 13] [21 11] [17 1]
 560 [24 17] [22 1] [34 2] [27 19] [33 6] [31 2] [25 6] [35 5] [25 0] [30 19] [19 18] [17 14] [23 18] [26 16] [21 6] [17 17] [26 5] [27 5] [31 15] [25 17]
 563 [13 14] [33 11] [19 11] [29 4] [28 16] [25 7] [28 4] [26 16] [25 10] [18 14] [21 15] [28 14] [13 2] [26 2] [26 3] [21 5] [32 3] [27 2] [29 9] [24 8]
 562 [24 11] [21 4] [12 7] [23 10] [31 2] [34 11] [20 10] [27 11] [26 6] [17 0] [23 16] [27 14] [21 1] [22 2] [23 4] [27 8] [27 3] [22 4] [25 13] [33 8]
 564 [24 15] [18 7] [33 1] [22 5] [26 0] [30 1] [14 13] [25 12] [29 11] [32 1] [26 3] [19 0] [24 14] [20 13] [32 2] [16 0] [16 16] [23 3] [18 3] [12 5]
 565 [27 19] [19 10] [27 9] [32 19] [31 15] [22 15] [34 10] [29 14] [32 17] [36 2] [31 1] [22 11] [20 14] [32 12] [21 16] [19 4] [21 13] [30 17] [31 12] [20 10]
 566 [23 7] [23 10] [24 17] [25 9] [27 10] [28 4] [23 5] [24 11] [27 9] [25 4] [21 19] [25 20] [16 15] [26 7] [28 13] [20 14] [36 7] [24 5] [13 16] [26 4]
 567 [19 9] [26 12] [13 20] [22 20] [18 4] [18 5] [28 6] [31 12] [25 5] [32 6] [14 1] [25 3] [30 7] [15 8] [30 14] [20 1] [31 2] [23 1] [17 5] [29 3]
 571 [12 9] [31 6] [25 5] [26 5] [25 3] [25 14] [28 9] [35 8] [19 14] [27 16] [30 4] [24 15] [25 15] [33 2] [26 3] [28 4] [23 8] [27 10] [20 4] [36 16]
 568 [19 8] [17 18] [23 8] [12 17] [34 6] [29 2] [27 12] [28 12] [28 11] [16 20] [11 17] [25 8] [24 2] [28 13] [12 5] [25 5] [16 4] [31 8] [35 14] [15 18]
 569 [20 4] [15 6] [21 7] [28 13] [27 16] [16 5] [23 15] [24 6] [25 14] [24 9] [27 2] [20 7] [26 10] [19 3] [23 1] [24 3] [30 11] [34 2] [23 2] [14 10]
 570 [22 3] [14 17] [17 14] [17 12] [23 19] [25 1] [23 16] [33 3] [27 5] [18 16] [19 20] [29 7] [35 4] [15 16] [17 11] [32 3] [24 17] [37 2] [12 0] [18 12]
 572 [30 4] [15 8] [22 18] [32 18] [21 5] [26 5] [24 16] [25 4] [27 12] [27 19] [31 20] [18 11] [25 7] [21 14] [20 9] [22 20] [17 13] [23 6] [25 6] [28 9]
 573 [32 13] [30 6] [31 10] [35 14] [29 3] [15 15] [23 1] [27 6] [31 6] [14 10] [26 4] [17 14] [26 2] [19 5] [29 12] [22 6] [29 1] [30 2] [36 2] [33 4]
 574 [32 13] [31 20] [16 8] [23 18] [18 15] [27 20] [32 14] [24 4] [19 11] [26 18] [19 6] [19 15] [28 8] [21 6] [16 9] [33 6] [25 11] [29 11] [28 19] [21 8]
 575 [18 0] [33 4] [20 3] [14 5] [21 11] [26 9] [29 7] [20 9] [24 6] [27 1] [22 10] [24 16] [24 14] [23 15] [25 12] [33 16] [28 12] [24 7] [16 16] [30 6]
 576 [27 20] [22 1] [23 20] [23 14] [18 10] [11 7] [25 19] [18 16] [33 10] [29 16] [34 0] [35 18] [20 19] [28 15] [25 11] [29 19] [26 15] [24 9] [32 18] [25 18]
 579 [34 5] [28 5] [12 18] [22 17] [18 18] [19 7] [20 7] [14 14] [13 5] [27 4] [23 15] [32 18] [25 10] [26 6] [23 19] [21 11] [23 12] [26 17] [23 16] [21 6]
 577 [23 6] [21 14] [24 14] [21 5] [24 10] [11 5] [18 7] [26 2] [15 10] [13 5] [32 12] [24 3] [31 0] [29 0] [29 14] [14 12] [20 15] [30 13] [17 14] [24 0]
 578 [19 12] [28 19] [23 19] [37 1] [26 11] [22 13] [18 13] [21 17] [27 10] [21 19] [35 4] [26 19] [25 18] [30 15] [20 8] [18 5] [26 17] [25 17] [14 6] [29 16]
 580 [28 6] [25 1] [21 19] [30 6] [12 2] [26 2] [19 20] [20 16] [22 19] [28 19] [21 3] [35 2] [31 0] [29 18] [21 0] [17 4] [16 1] [18 0] [24 4] [30 1]
 581 [24 0] [18 5] [17 5] [13 14] [19 15] [25 0] [30 5] [28 6] [24 4] [35 12] [26 5] [16 4] [32 9] [29 5] [22 0] [18 6] [26 3] [31 9] [23 4] [18 2]
 582 [15 19] [31 15] [27 5] [17 3] [25 4] [29 19] [17 5] [22 17] [24 3] [19 7] [36 5] [23 0] [22 20] [26 5] [16 17] [28 2] [21 0] [37 6] [28 18] [27 4]
 583 [33 5] [19 12] [27 11] [11 16] [31 13] [26 19] [24 20] [30 12] [24 12] [21 17] [22 18] [21 6] [27 5] [17 17] [24 10] [21 10] [31 4] [18 16] [17 13] [17 8]
 584 [16 1] [22 18] [32 20] [22 17] [32 7] [21 19] [27 7] [14 13] [31 20] [28 4] [27 18] [30 17] [26 6] [12 17] [16 14] [24 3] [19 2] [14 20] [29 18] [34 8]
 585 [31 6] [14 3] [26 20] [28 10] [16 6] [27 4] [25 12] [17 12] [14 4] [13 6] [34 10] [31 20] [20 3] [26 9] [33 20] [16 4] [28 5] [22 10] [24 12] [29 11]
 586 [18 6] [13 10] [25 3] [23 13] [23 9] [30 5] [23 12] [19 10] [18 8] [27 6] [29 16] [15 15] [26 15] [24 16] [33 1] [22 0] [20 16] [30 9] [18 13] [29 0]
 588 [30 1] [33 16] [19 4] [24 1] [25 8] [34 15] [24 12] [30 5] [26 5] [19 6] [12 20] [21 6] [16 12] [21 8] [27 13] [20 11] [29 6] [25 0] [28 10] [21 14]
 587 [23 16] [28 10] [21 16] [25 12] [25 20] [15 12] [25 13] [24 1] [27 18] [25 16] [27 12] [26 18] [20 20] [16 0] [20 13] [24 0] [18 16] [17 9] [23 0] [24 14]
 589 [35 15] [28 19] [27 17] [29 15] [30 15] [29 14] [25 10] [27 18] [29 13] [35 6] [13 5] [25 15] [25 20] [33 6] [25 2] [31 18] [23 12] [12 4] [26 10] [35 19]
 590 [26 16] [28 11] [27 16] [20 4] [26 17] [36 2] [27 18] [13 20] [29 15] [28 13] [18 9] [25 2] [29 12] [29 20] [34 17] [25 1] [13 7] [30 3] [22 0] [15 18]
 591 [32 12] [26 10] [29 20] [29 16] [32 5] [35 11] [30 20] [31 7] [24 15] [14 3] [31 15] [33 7] [32 11] [25 13] [22 14] [30 13] [25 5] [27 17] [26 11] [34 4]
 592 [26 18] [30 10] [23 11] [24 19] [26 5] [22 12] [27 4] [24 14] [30 4] [22 11] [21 13] [25 11] [16 5] [20 6] [25 10] [35 16] [23 8] [24 4] [26 9] [26 17]
 593 [31 19] [21 11] [21 16] [26 8] [27 19] [20 19] [24 6] [19 15] [26 17] [25 14] [22 4] [17 6] [19 19] [33 16] [15 14] [29 16] [26 20] [23 18] [22 11] [27 10]
 594 [27 14] [18 11] [25 5] [24 11] [25 6] [24 13] [29 5] [26 15] [21 12] [23 13] [18 4] [22 3] [27 0] [29 10] [21 13] [30 10] [28 11] [27 1] [23 10] [27 11]
 596 [29 12] [13 17] [12 14] [33 8] [34 9] [15 11] [25 15] [15 9] [21 19] [16 7] [19 15] [27 11] [25 20] [17 20] [33 7] [27 6] [18 8] [15 4] [25 11] [29 9]
 595 [30 13] [22 16] [17 9] [27 1] [24 13] [24 10] [15 16] [23 13] [16 15] [17 7] [11 7] [20 2] [31 13] [23 5] [20 7] [21 3] [20 14] [18 3] [35 0] [24 8]
 597 [34 10] [22 18] [30 4] [25 4] [22 8] [29 5] [35 10] [32 18] [24 9] [29 0] [31 5] [22 9] [35 19] [15 10] [28 10] [21 20] [25 8] [26 19] [35 20] [30 10]
 599 [16 11] [29 4] [29 17] [13 9] [22 14] [25 7] [30 18] [25 4] [18 8] [26 5] [20 10] [34 14] [23 15] [24 14] [25 15] [27 10] [26 17] [25 16] [26 19] [29 20]
 598 [19 9] [22 9] [28 2] [21 3] [25 1] [22 11] [23 10] [24 9] [29 4] [25 9] [26 7] [31 4] [25 11] [19 6] [25 8] [16 4] [32 15] [28 8] [26 3] [15 16]
 600 [19 4] [29 5] [30 7] [29 19] [18 5] [24 16] [30 15] [30 18] [30 12] [20 11] [25 10] [31 12] [20 20] [20 12] [23 11] [27 10] [25 20] [20 7] [23 19] [24 17]
