 8
 4
 3
 6
 5
 7
 2
 1
 8
 5
 6
 3
 4
 7
 2
 1
 9
 10
 12
 13
 11
 14
 15
 16
 18
 17
 21
 19
 20
 22
 23
 24
 26
 25
 27
 28
 30
 31
 29
 32
 34
 33
 35
 37
 36
 38
 39
 40
 41
 42
 43
 44
 45
 46
 47
 48
 52 [26 0] [28 20] [31 35] [30 7] [32 28]
 54 [23 10] [34 3] [25 25] [34 32] [29 1]
 53 [30 34] [23 32] [34 17] [17 39] [22 9]
 49
 50
 55 [25 10] [20 10] [19 37] [30 29] [33 16]
 51 [19 19] [17 1] [19 12] [24 14] [32 21]
 56 [24 11] [30 4] [25 3] [29 23] [34 36]
 57 [34 25] [26 33] [21 10] [32 33] [32 0]
 58 [34 25] [24 31] [28 36] [25 25] [27 6]
 59 [34 0] [26 35] [31 39] [31 21] [26 1]
 60 [28 5] [19 39] [24 24] [22 12] [22 5]
 61 [28 21] [18 11] [16 4] [31 9] [22 2]
 62 [30 14] [29 20] [25 9] [25 15] [25 28]
 63 [21 13] [27 14] [24 6] [25 24] [34 3]
 64 [22 14] [32 1] [22 33] [29 39] [32 7]
 65 [33 9] [33 0] [25 32] [27 13] [24 8]
 68 [30 14] [20 36] [21 25] [29 19] [34 3]
 66 [24 31] [34 3] [28 21] [22 10] [28 5]
 69 [26 16] [26 36] [23 4] [34 11] [33 6]
 67 [25 10] [33 5] [17 13] [30 11] [27 33]
 70 [23 2] [29 33] [34 8] [22 16] [32 18]
 71 [26 10] [34 13] [34 6] [19 18] [32 1]
 72 [33 17] [18 35] [24 7] [27 16] [32 3]
 73 [27 12] [18 12] [20 7] [19 19] [34 6]
 75 [17 29] [20 23] [34 0] [33 8] [28 12]
 74 [31 1] [18 32] [27 6] [33 14] [24 11]
 76 [31 2] [34 8] [27 17] [26 3] [16 1]
 77 [31 18] [32 8] [26 13] [18 34] [29 0]
 78 [20 6] [18 34] [30 7] [20 22] [31 1]
 79 [16 1] [34 11] [26 4] [17 15] [23 13]
 80 [22 8] [20 25] [31 10] [20 20] [29 0]
 83 [19 3] [24 8] [31 14] [33 5] [26 2]
 84 [34 0] [32 12] [28 17] [23 3] [28 0]
 81 [28 18] [30 2] [20 4] [33 16] [20 16]
 85 [25 8] [20 10] [31 11] [29 16] [32 4]
 82 [33 13] [23 9] [28 12] [24 17] [28 4]
 86 [26 6] [25 1] [33 18] [33 0] [17 1]
 87 [23 13] [18 17] [28 15] [30 10] [28 3]
 88 [29 0] [20 15] [22 2] [34 6] [29 13]
 89 [27 9] [24 16] [33 5] [28 2] [34 13]
 91 [29 15] [34 12] [24 15] [31 5] [22 8]
 90 [27 18] [33 17] [34 2] [22 7] [33 12]
 92 [25 2] [26 15] [31 15] [33 1] [30 10]
 93 [33 2] [26 13] [24 1] [34 18] [34 8]
 94 [33 17] [31 12] [25 9] [25 2] [19 18]
 95 [30 17] [31 10] [34 4] [20 1] [22 13]
 96 [27 5] [20 0] [25 10] [34 5] [25 18]
 97 [25 4] [33 12] [31 5] [27 10] [16 0]
 101 [16 36] [28 7] [21 39] [31 38] [25 28] [15 27] [34 20] [30 33] [27 14] [22 12]
 99 [32 18] [27 17] [22 5] [31 11] [30 4]
 102 [33 31] [27 2] [28 26] [26 39] [29 9] [24 12] [31 15] [22 32] [16 24] [31 39]
 98 [21 12] [18 2] [28 7] [31 16] [34 3]
 100 [25 4] [27 14] [20 12] [30 0] [17 7]
 103 [32 39] [27 29] [32 7] [32 1] [23 4] [21 30] [32 18] [32 32] [19 36] [23 13]
 105 [23 22] [31 25] [33 31] [29 19] [16 12] [27 8] [18 17] [24 36] [22 1] [18 24]
 107 [32 18] [32 39] [27 1] [33 0] [28 8] [25 16] [33 25] [27 37] [25 26] [28 32]
 104 [23 30] [16 13] [21 21] [34 31] [29 28] [34 12] [25 9] [22 35] [28 1] [34 2]
 106 [25 26] [32 36] [34 25] [27 34] [34 31] [30 4] [20 16] [26 11] [27 20] [32 15]
 108 [33 19] [28 36] [34 14] [24 18] [18 3] [28 23] [23 10] [27 5] [33 6] [17 33]
 109 [23 18] [30 33] [22 25] [25 34] [29 28] [34 1] [33 18] [30 7] [24 7] [19 37]
 110 [33 22] [27 16] [32 9] [18 10] [21 15] [27 29] [29 3] [32 39] [18 30] [25 37]
 111 [29 26] [34 16] [28 36] [24 31] [29 18] [16 32] [17 38] [32 4] [20 16] [26 1]
 112 [27 35] [15 26] [34 6] [18 34] [27 30] [26 6] [21 29] [28 1] [25 18] [32 16]
 113 [18 18] [28 15] [32 10] [29 3] [24 34] [16 36] [16 30] [21 11] [29 30] [29 20]
 115 [26 34] [22 15] [28 23] [31 1] [27 28] [28 15] [22 28] [16 13] [18 39] [23 0]
 114 [27 18] [33 11] [19 7] [19 37] [34 3] [28 8] [27 28] [25 33] [23 23] [17 25]
 116 [32 0] [25 38] [25 28] [26 33] [25 10] [27 5] [34 7] [24 17] [19 39] [32 13]
 117 [34 5] [29 29] [24 12] [23 27] [19 12] [21 36] [34 16] [28 5] [30 11] [21 22]
 118 [18 9] [32 18] [24 10] [30 5] [33 13] [28 24] [25 29] [29 39] [24 5] [26 19]
 119 [33 18] [26 20] [26 4] [15 28] [31 3] [30 9] [21 9] [22 34] [29 30] [18 17]
 120 [21 39] [29 12] [26 1] [19 20] [32 4] [25 18] [26 38] [28 32] [31 18] [16 32]
 121 [21 2] [34 2] [26 1] [17 14] [32 10] [19 33] [23 17] [28 18] [27 8] [34 16]
 122 [24 18] [33 16] [16 21] [21 28] [20 6] [19 15] [26 13] [21 37] [16 37] [29 4]
 123 [27 10] [19 31] [22 8] [20 25] [23 17] [34 17] [34 12] [29 16] [26 1] [31 4]
 124 [16 2] [28 8] [26 1] [31 1] [24 13] [21 7] [33 8] [29 17] [21 39] [19 32]
 125 [33 7] [29 14] [19 11] [20 6] [20 39] [23 16] [34 12] [18 26] [27 5] [32 0]
 126 [24 2] [28 18] [22 8] [28 12] [34 7] [15 13] [33 13] [21 13] [33 1] [20 36]
 127 [23 2] [31 12] [30 17] [20 23] [20 33] [24 13] [19 39] [34 6] [16 16] [34 0]
 128 [32 1] [18 33] [24 6] [19 26] [19 39] [18 20] [27 0] [22 14] [30 6] [31 12]
 129 [30 12] [31 2] [21 7] [21 0] [21 15] [21 31] [20 39] [21 22] [29 17] [26 2]
 130 [34 6] [24 7] [28 17] [22 16] [20 0] [17 19] [18 6] [27 1] [33 12] [18 32]
 133 [25 1] [29 11] [16 18] [20 2] [30 18] [30 2] [24 9] [25 17] [16 10] [34 12]
 131 [15 8] [32 6] [23 14] [25 0] [30 15] [21 9] [32 1] [18 15] [26 8] [17 1]
 132 [28 8] [33 4] [24 14] [22 9] [29 15] [28 0] [19 18] [34 14] [23 1] [17 3]
 134 [34 2] [16 0] [32 12] [20 12] [28 0] [31 18] [26 18] [24 6] [31 7] [18 6]
 135 [19 7] [33 2] [33 7] [20 12] [28 0] [33 16] [28 14] [25 8] [20 2] [23 18]
 136 [30 11] [31 6] [32 1] [27 0] [23 9] [32 18] [25 14] [17 11] [19 18] [21 0]
 137 [24 16] [27 0] [24 5] [18 2] [18 18] [30 16] [34 2] [34 10] [22 11] [29 9]
 138 [24 15] [34 8] [29 12] [22 9] [28 3] [17 5] [34 16] [29 17] [16 18] [33 2]
 139 [28 18] [34 13] [23 2] [22 12] [34 3] [17 16] [27 10] [22 17] [18 3] [17 8]
 141 [30 5] [29 0] [24 1] [19 3] [26 18] [18 14] [34 0] [25 12] [32 12] [19 8]
 142 [17 16] [22 11] [16 6] [21 1] [26 4] [27 17] [32 17] [27 11] [33 12] [33 3]
 140 [22 0] [27 3] [30 11] [31 17] [34 6] [17 9] [25 14] [25 9] [20 18] [33 0]
 143 [21 6] [34 11] [34 0] [22 14] [26 6] [31 6] [34 16] [27 17] [24 1] [27 11]
 144 [24 13] [23 18] [34 4] [33 9] [20 2] [28 1] [15 5] [30 14] [27 8] [17 18]
 145 [25 9] [22 3] [31 8] [34 14] [26 16] [20 18] [31 2] [15 4] [15 18] [19 9]
 146 [32 3] [26 2] [33 14] [27 17] [34 9] [29 8] [19 3] [22 10] [16 11] [21 15]
 148 [25 16] [34 10] [17 4] [27 9] [26 0] [31 17] [34 2] [15 11] [20 18] [20 9]
 147 [20 16] [26 0] [27 17] [28 12] [34 10] [18 4] [33 3] [25 7] [34 16] [15 13]
 149 [24 0] [21 18] [33 6] [19 13] [33 12] [28 14] [34 1] [29 0] [34 17] [28 8]
 151 [27 33] [29 11] [32 16] [24 38] [32 28] [20 16] [34 5] [21 7] [24 22] [18 39] [33 34] [18 33] [18 0] [28 3] [31 23]
 150 [16 0] [32 8] [18 18] [26 17] [32 13] [24 11] [20 6] [15 7] [32 1] [25 3]
 152 [18 13] [31 12] [30 2] [28 7] [28 23] [21 33] [22 21] [27 37] [16 31] [23 4] [33 39] [34 23] [26 31] [31 32] [33 17]
 154 [26 20] [16 22] [24 1] [17 9] [22 6] [34 10] [31 22] [27 14] [22 27] [21 20] [28 33] [31 5] [31 28] [33 36] [16 39]
 153 [29 36] [25 10] [32 9] [34 22] [19 2] [21 21] [26 2] [17 10] [34 16] [32 4] [26 22] [24 38] [20 27] [28 29] [17 39]
 156 [26 0] [18 21] [19 37] [22 9] [33 15] [33 22] [25 35] [27 13] [29 8] [21 16] [26 20] [31 28] [34 6] [33 1] [32 36]
 155 [26 38] [25 14] [18 35] [23 20] [30 17] [33 30] [28 22] [22 0] [33 37] [27 0] [22 28] [20 12] [26 8] [33 9] [34 1]
 158 [26 12] [18 27] [33 21] [20 35] [25 33] [34 16] [28 21] [15 34] [34 0] [20 19] [27 5] [27 26] [32 5] [34 27] [33 32]
 157 [31 13] [28 8] [32 19] [24 34] [29 26] [17 37] [30 34] [19 30] [34 8] [22 25] [29 2] [24 39] [23 0] [34 26] [20 15]
 159 [27 28] [25 1] [34 33] [32 28] [21 31] [18 20] [30 18] [33 23] [34 0] [34 6] [25 21] [32 12] [19 4] [23 9] [30 38]
 160 [31 22] [22 29] [26 17] [32 17] [26 5] [22 37] [33 11] [34 6] [18 15] [33 38] [28 11] [33 28] [27 33] [25 23] [25 0]
 161 [20 15] [25 20] [32 16] [17 38] [29 37] [33 11] [23 2] [23 7] [24 34] [27 26] [20 23] [32 3] [16 8] [26 14] [18 32]
 162 [22 29] [28 8] [21 24] [18 39] [24 35] [28 1] [15 21] [22 9] [34 11] [29 15] [27 20] [33 1] [29 25] [20 14] [23 3]
 164 [19 6] [26 39] [19 39] [34 0] [20 29] [25 22] [34 5] [25 33] [29 8] [29 27] [15 32] [26 13] [18 13] [24 4] [34 14]
 165 [32 15] [19 23] [20 36] [18 4] [29 0] [27 13] [23 5] [28 6] [22 12] [26 24] [17 15] [34 4] [34 9] [27 34] [19 29]
 166 [21 4] [29 31] [21 27] [30 11] [34 18] [28 20] [24 14] [23 20] [28 25] [29 36] [34 2] [17 11] [16 20] [29 4] [22 37]
 163 [28 2] [16 29] [29 28] [20 35] [20 7] [34 9] [34 2] [18 16] [26 11] [28 22] [28 17] [27 38] [22 27] [23 20] [34 17]
 167 [19 38] [21 19] [16 16] [17 30] [24 31] [33 4] [23 12] [29 12] [20 24] [28 5] [34 13] [26 37] [29 28] [22 0] [26 21]
 168 [24 30] [30 4] [21 25] [26 39] [18 34] [26 13] [25 20] [19 3] [29 29] [33 9] [34 17] [25 4] [18 39] [18 8] [16 15]
 169 [22 26] [25 6] [20 1] [18 9] [31 17] [25 12] [18 14] [28 30] [31 8] [28 24] [18 39] [33 3] [25 1] [21 33] [27 38]
 170 [33 18] [28 21] [24 3] [21 37] [33 6] [18 11] [22 26] [26 31] [33 11] [26 15] [17 24] [34 0] [17 19] [17 30] [26 37]
 171 [19 9] [19 19] [29 4] [31 17] [27 10] [21 4] [18 38] [32 11] [20 24] [16 1] [26 15] [34 3] [19 31] [18 14] [15 24]
 174 [31 3] [20 33] [27 9] [15 31] [22 18] [26 2] [17 20] [29 17] [17 13] [16 38] [34 17] [20 3] [18 25] [18 8] [33 12]
 172 [31 16] [18 21] [24 18] [34 2] [20 26] [28 2] [26 8] [22 0] [26 13] [19 31] [17 6] [20 39] [34 8] [17 16] [19 11]
 173 [32 1] [30 14] [26 1] [15 13] [25 18] [32 6] [25 13] [17 25] [19 0] [24 7] [18 18] [18 33] [20 13] [16 7] [19 38]
 175 [28 8] [22 15] [20 6] [34 6] [16 18] [17 0] [16 38] [19 32] [15 25] [25 3] [21 21] [21 38] [29 14] [34 14] [30 1]
 176 [34 16] [27 2] [18 25] [21 33] [29 12] [23 11] [16 30] [18 16] [34 7] [29 7] [26 17] [21 38] [33 0] [20 4] [15 6]
 177 [19 12] [18 26] [33 5] [34 0] [30 11] [25 17] [22 5] [17 21] [21 31] [25 10] [19 37] [15 32] [33 17] [27 2] [22 0]
 178 [34 2] [28 17] [18 32] [15 20] [28 7] [21 0] [16 4] [28 12] [16 37] [22 17] [17 15] [34 17] [33 12] [26 1] [22 6]
 179 [17 0] [27 5] [34 16] [23 18] [34 4] [20 5] [16 19] [29 18] [27 0] [15 8] [20 39] [31 10] [17 30] [16 14] [23 12]
 181 [23 9] [22 4] [7 20] [17 2] [28 15] [27 3] [32 9] [16 14] [0 36] [33 16] [22 15] [2 0] [18 9] [5 31] [33 0]
 180 [30 17] [34 10] [16 19] [15 11] [34 5] [19 30] [28 8] [22 2] [17 6] [18 37] [20 24] [29 3] [20 11] [21 17] [34 0]
 182 [31 6] [17 14] [24 11] [30 11] [29 0] [26 18] [16 7] [10 4] [15 1] [34 1] [23 6] [31 17] [4 18] [7 28] [24 1]
 183 [21 14] [39 14] [27 3] [15 7] [32 3] [24 9] [17 2] [0 18] [26 16] [31 10] [32 15] [12 22] [22 3] [16 16] [7 1]
 184 [28 18] [32 6] [6 34] [16 16] [18 0] [22 17] [33 1] [30 11] [16 5] [26 4] [1 31] [24 12] [34 18] [21 6] [19 11]
 186 [21 10] [20 5] [16 16] [28 1] [27 11] [34 1] [15 7] [27 6] [24 17] [5 14] [12 28] [33 7] [23 0] [31 16] [18 0]
 185 [27 3] [6 34] [27 17] [16 4] [20 9] [18 14] [27 9] [13 30] [33 1] [15 9] [1 29] [33 17] [5 1] [34 10] [22 4]
 187 [32 11] [30 4] [28 17] [23 0] [33 18] [19 12] [27 10] [9 5] [11 34] [19 6] [18 0] [20 17] [39 3] [15 18] [25 5]
 188 [18 18] [21 6] [0 16] [34 9] [26 10] [34 18] [33 1] [29 17] [0 21] [15 2] [20 1] [23 18] [20 13] [27 1] [15 10]
 189 [17 1] [34 8] [20 10] [9 30] [15 18] [15 7] [33 17] [27 18] [29 12] [15 13] [3 13] [24 3] [31 3] [3 8] [22 18]
 190 [4 24] [34 4] [27 16] [28 3] [11 34] [1 5] [21 10] [31 10] [19 2] [32 15] [18 17] [16 9] [26 8] [3 19] [5 39]
 191 [24 10] [21 4] [21 15] [26 4] [1 17] [29 10] [34 15] [1 34] [34 10] [16 15] [18 10] [27 17] [39 1] [34 3] [15 4]
 192 [18 13] [31 18] [5 1] [26 7] [20 7] [19 18] [32 12] [15 2] [11 14] [1 23] [32 3] [15 7] [24 15] [26 1] [20 0]
 193 [32 4] [0 9] [39 1] [33 9] [30 15] [4 4] [26 6] [21 11] [15 10] [18 4] [25 1] [25 17] [15 15] [20 17] [5 27]
 194 [24 10] [23 0] [17 18] [33 0] [29 17] [34 15] [18 2] [28 0] [32 5] [1 6] [22 18] [27 5] [32 10] [8 12] [17 9]
 195 [2 29] [8 2] [24 17] [23 4] [20 12] [27 11] [34 9] [3 12] [1 39] [15 12] [17 17] [32 2] [16 1] [18 7] [32 15]
 196 [20 10] [5 24] [5 31] [25 14] [2 38] [18 17] [15 0] [32 10] [15 6] [34 4] [25 9] [15 12] [20 2] [27 4] [32 17]
 197 [34 9] [29 10] [24 6] [33 15] [32 3] [26 0] [10 13] [16 14] [1 5] [8 1] [22 11] [24 16] [17 2] [17 9] [1 37]
 198 [24 2] [24 18] [19 1] [1 34] [18 6] [17 18] [0 26] [31 7] [18 11] [26 10] [34 12] [13 5] [5 7] [31 17] [33 1]
 200 [26 9] [20 0] [12 5] [3 38] [18 8] [15 0] [25 2] [39 0] [3 6] [33 10] [17 18] [16 13] [33 16] [24 16] [32 1]
 199 [15 17] [18 4] [34 8] [27 2] [27 18] [34 0] [22 18] [29 13] [20 13] [15 12] [34 17] [13 0] [8 12] [0 22] [25 7]
 201 [24 7] [28 29] [22 1] [18 13] [34 36] [32 4] [27 0] [23 35] [15 24] [29 35] [19 29] [32 13] [17 3] [34 30] [27 24] [33 21] [21 21] [18 35] [27 15] [17 8]
 202 [24 12] [34 9] [20 30] [16 15] [20 1] [22 17] [20 22] [34 22] [25 2] [29 38] [29 21] [32 30] [34 36] [21 36] [32 14] [26 32] [27 27] [30 3] [23 7] [18 8]
 203 [31 20] [28 12] [20 28] [34 3] [23 12] [18 10] [25 24] [34 13] [18 5] [28 30] [26 3] [33 38] [23 33] [18 34] [25 39] [33 25] [33 30] [33 8] [25 18] [19 20]
 205 [26 33] [31 18] [22 9] [29 5] [21 15] [34 7] [25 28] [32 36] [26 22] [23 0] [17 29] [31 23] [33 29] [20 35] [15 12] [15 4] [19 23] [34 1] [30 13] [27 38]
 204 [31 21] [22 39] [18 11] [33 8] [17 2] [20 20] [25 0] [20 26] [23 14] [34 15] [26 6] [32 32] [15 39] [32 0] [28 11] [20 32] [26 32] [25 20] [31 39] [30 26]
 206 [24 33] [28 0] [28 5] [26 19] [32 20] [19 36] [26 12] [34 37] [21 12] [31 15] [29 38] [30 32] [33 1] [17 7] [22 4] [23 28] [32 27] [17 22] [34 6] [17 17]
 207 [16 7] [33 31] [22 14] [23 32] [15 15] [30 37] [24 37] [23 20] [32 10] [29 18] [20 25] [21 1] [34 25] [34 19] [17 31] [17 38] [22 9] [31 4] [29 25] [27 10]
 209 [33 6] [34 17] [32 30] [31 22] [18 11] [20 38] [34 0] [26 0] [25 38] [21 22] [17 2] [29 15] [16 22] [26 32] [23 12] [26 22] [19 29] [24 6] [34 11] [31 36]
 208 [33 1] [23 22] [16 39] [16 2] [34 26] [34 36] [30 13] [28 26] [28 38] [32 8] [18 19] [34 31] [18 8] [19 28] [21 0] [23 14] [20 33] [31 20] [28 31] [26 5]
 210 [23 2] [17 3] [16 25] [30 7] [34 15] [29 26] [31 31] [19 20] [21 33] [32 37] [24 28] [22 9] [19 14] [16 35] [32 0] [28 12] [22 39] [27 20] [34 24] [27 37]
 211 [28 6] [24 0] [19 3] [30 11] [29 23] [19 9] [23 30] [34 5] [33 16] [27 18] [34 0] [19 19] [29 1] [29 36] [23 25] [28 29] [15 39] [24 35] [24 12] [19 14]
 213 [30 11] [34 17] [17 5] [28 25] [21 20] [33 6] [28 38] [19 28] [27 30] [27 20] [16 35] [20 0] [20 11] [29 1] [25 11] [15 20] [28 6] [23 35] [22 5] [34 1]
 214 [33 8] [27 9] [26 3] [17 21] [34 16] [26 38] [15 34] [20 35] [17 0] [15 5] [19 26] [24 26] [28 16] [15 13] [22 21] [21 15] [29 22] [28 31] [20 8] [31 2]
 212 [30 0] [32 5] [28 15] [15 32] [26 38] [29 32] [27 9] [33 18] [24 29] [16 20] [29 27] [20 35] [19 27] [21 16] [34 11] [20 10] [15 3] [22 21] [22 3] [27 21]
 215 [21 31] [21 26] [33 18] [22 38] [34 1] [26 24] [29 36] [26 30] [20 4] [20 10] [25 11] [34 6] [19 18] [26 17] [29 3] [16 28] [17 36] [31 12] [15 5] [16 23]
 216 [29 23] [22 18] [15 6] [22 26] [32 14] [26 36] [33 1] [32 9] [17 29] [27 18] [15 1] [18 13] [15 24] [20 1] [17 18] [28 28] [22 31] [21 38] [26 4] [23 9]
 218 [23 27] [29 29] [29 24] [27 8] [22 11] [27 19] [22 22] [20 0] [27 13] [19 6] [27 3] [34 1] [20 38] [32 16] [19 32] [33 8] [17 24] [29 34] [29 39] [16 16]
 217 [17 39] [23 27] [18 26] [19 13] [26 10] [19 4] [17 18] [28 22] [34 2] [21 33] [22 38] [29 32] [26 3] [28 27] [23 22] [34 18] [31 9] [15 33] [26 17] [27 39]
 219 [26 38] [20 12] [24 0] [34 2] [18 4] [23 19] [30 15] [23 5] [29 26] [23 27] [29 20] [25 33] [29 0] [19 33] [33 8] [18 22] [15 27] [15 16] [25 11] [21 38]
 220 [28 18] [33 3] [27 32] [16 16] [25 8] [22 19] [23 13] [21 24] [21 3] [19 36] [16 21] [15 1] [29 27] [20 8] [20 29] [25 39] [30 8] [33 14] [28 2] [15 9]
 221 [15 24] [32 9] [16 39] [7 5] [27 9] [31 4] [27 17] [20 22] [21 37] [17 13] [15 32] [0 17] [22 13] [20 30] [32 17] [22 2] [15 7] [17 0] [21 8] [15 18]
 222 [26 3] [16 37] [6 1] [21 37] [17 28] [17 19] [32 1] [34 13] [27 18] [26 10] [34 18] [5 12] [20 1] [33 7] [17 14] [19 8] [22 17] [4 31] [9 20] [15 2]
 223 [18 36] [16 22] [38 14] [32 18] [33 1] [30 12] [7 0] [25 1] [24 13] [11 17] [25 6] [13 7] [23 18] [30 7] [21 24] [1 13] [19 6] [19 29] [18 1] [16 15]
 225 [27 11] [16 2] [21 0] [27 16] [33 3] [26 0] [33 12] [27 5] [15 16] [20 33] [33 18] [15 32] [21 16] [20 21] [21 5] [19 39] [15 7] [21 27] [21 11] [16 27]
 224 [16 11] [19 36] [15 31] [15 26] [33 1] [26 1] [29 8] [23 15] [2 12] [31 18] [17 6] [20 24] [6 24] [20 31] [28 13] [9 35] [23 9] [18 17] [19 0] [34 10]
 228 [15 19] [32 0] [3 8] [17 1] [7 24] [28 9] [19 9] [16 14] [39 3] [6 14] [2 35] [20 19] [17 24] [23 1] [21 14] [34 17] [17 35] [28 14] [19 30] [33 9]
 226 [29 11] [20 0] [18 28] [20 21] [20 16] [33 17] [15 33] [34 12] [31 4] [25 0] [25 5] [22 11] [15 1] [20 33] [17 11] [27 18] [15 38] [18 6] [20 38] [15 19]
 227 [18 17] [26 18] [17 39] [37 1] [32 2] [20 34] [34 18] [0 17] [31 9] [0 37] [19 29] [2 29] [7 34] [18 24] [18 9] [26 9] [4 10] [16 4] [15 34] [23 3]
 229 [20 2] [19 10] [34 0] [5 27] [27 18] [15 22] [24 10] [32 14] [15 37] [3 6] [15 29] [31 6] [19 15] [20 36] [21 27] [28 1] [15 5] [20 20] [13 16] [15 0]
 230 [16 38] [33 0] [21 38] [16 33] [28 0] [21 15] [11 4] [19 28] [16 22] [3 37] [10 14] [34 5] [30 15] [17 8] [21 33] [26 6] [19 0] [31 10] [21 20] [15 16]
 231 [8 2] [24 12] [26 17] [5 12] [13 27] [5 18] [12 38] [2 29] [29 10] [13 3] [19 4] [15 16] [34 7] [33 0] [20 18] [34 18] [19 11] [25 3] [39 0] [34 12]
 232 [13 30] [17 5] [18 0] [25 0] [31 3] [10 19] [24 10] [0 2] [10 3] [15 11] [31 9] [3 24] [18 17] [24 15] [25 5] [37 10] [2 7] [10 8] [30 18] [4 12]
 233 [22 8] [17 10] [7 1] [12 37] [1 33] [34 0] [15 4] [26 3] [9 9] [33 18] [12 19] [20 2] [32 11] [31 6] [26 14] [17 16] [3 39] [1 21] [12 30] [38 6]
 236 [12 23] [24 17] [34 5] [1 36] [13 16] [17 0] [33 13] [19 16] [31 18] [22 3] [1 31] [27 11] [34 0] [1 16] [19 8] [6 28] [27 6] [1 11] [9 35] [28 0]
 235 [31 8] [16 11] [7 22] [39 10] [33 15] [7 37] [1 25] [26 18] [22 8] [4 3] [30 1] [18 3] [24 1] [9 12] [19 17] [6 31] [36 4] [0 8] [28 13] [0 31]
 234 [29 16] [22 13] [20 7] [25 0] [7 12] [2 23] [32 7] [7 29] [27 6] [21 18] [12 27] [15 7] [17 2] [31 0] [1 30] [12 32] [34 16] [8 2] [16 15] [27 11]
 237 [26 7] [34 5] [21 7] [7 22] [24 2] [10 12] [2 8] [29 2] [13 31] [16 15] [19 1] [21 17] [3 2] [15 10] [30 18] [31 11] [4 37] [12 36] [34 0] [23 12]
 238 [38 7] [31 4] [19 10] [10 33] [18 5] [13 7] [1 38] [34 18] [0 20] [9 22] [16 0] [7 6] [17 17] [25 16] [31 10] [4 11] [25 11] [1 31] [24 4] [4 1]
 239 [0 36] [31 0] [34 5] [9 3] [24 16] [23 0] [2 18] [16 6] [34 10] [13 37] [29 8] [34 16] [11 14] [29 15] [22 7] [19 14] [2 1] [9 22] [9 28] [17 1]
 241 [3 30] [18 8] [33 15] [7 2] [11 7] [18 18] [17 13] [25 16] [12 0] [38 12] [1 36] [12 13] [26 10] [24 4] [30 0] [19 1] [3 15] [4 21] [0 10] [32 7]
 240 [39 13] [33 3] [23 5] [12 14] [1 1] [7 9] [6 20] [17 2] [28 6] [18 14] [2 13] [34 17] [23 12] [9 4] [30 12] [39 1] [16 8] [10 26] [26 18] [26 0]
 243 [18 3] [28 17] [3 7] [39 9] [23 9] [12 11] [10 6] [26 3] [18 8] [28 12] [18 13] [1 39] [3 34] [33 4] [33 12] [5 15] [39 0] [0 13] [33 17] [19 18]
 242 [33 7] [7 16] [2 15] [16 15] [32 14] [5 26] [22 10] [25 0] [17 7] [2 8] [39 9] [27 11] [23 16] [20 1] [15 2] [2 20] [30 0] [2 36] [11 9] [28 5]
 244 [19 8] [28 18] [5 20] [32 0] [11 6] [24 1] [24 6] [10 18] [31 11] [16 17] [32 6] [0 6] [5 39] [0 32] [33 17] [26 11] [6 3] [3 12] [19 3] [21 14]
 245 [23 0] [2 28] [24 15] [31 4] [25 8] [0 33] [29 18] [4 12] [18 0] [31 10] [34 18] [0 18] [36 0] [9 11] [16 10] [18 16] [0 3] [14 5] [19 5] [8 4]
 246 [23 12] [31 8] [1 8] [18 9] [38 10] [3 14] [9 9] [2 32] [4 0] [34 15] [16 0] [23 18] [8 17] [3 24] [1 37] [26 4] [34 3] [18 15] [21 1] [29 14]
 247 [0 22] [0 2] [27 6] [10 6] [24 16] [5 9] [18 0] [34 6] [29 0] [30 14] [37 17] [10 0] [34 1] [22 6] [18 12] [16 6] [24 0] [5 31] [19 18] [23 11]
 248 [21 12] [27 12] [15 4] [4 2] [24 18] [10 15] [32 12] [0 37] [21 5] [28 2] [33 2] [31 18] [16 11] [32 7] [1 18] [2 11] [8 9] [19 17] [27 7] [23 0]
 249 [0 34] [37 15] [33 9] [14 9] [19 9] [30 15] [5 13] [2 26] [15 2] [1 19] [28 7] [3 1] [34 3] [15 18] [28 2] [20 0] [4 6] [23 14] [39 10] [10 15]
 251
 252
 253
 254
 250 [25 10] [28 1] [15 18] [5 25] [10 11] [15 0] [26 18] [19 12] [1 2] [3 10] [32 6] [4 39] [10 0] [0 33] [20 3] [21 18] [34 0] [32 16] [32 11] [15 6]
 255
 256
 257
 258
 259
 260
 261
 263
 262
 264
 265
 266
 267
 268
 269
 270
 272
 271
 273
 274
 275
 276
 277
 278
 279
 280
 281
 282
 284
 283
 285
 286
 287
 288
 289
 290
 291
 292
 293
 294
 295
 296
 297
 298
 299
 300
 301 [33 31] [34 36] [24 17] [29 16] [18 33]
 302 [32 25] [29 5] [33 31] [26 24] [18 10]
 303 [25 5] [20 25] [25 12] [34 24] [28 17]
 304 [29 3] [34 9] [33 29] [34 39] [24 27]
 305 [26 5] [29 31] [27 21] [33 24] [33 2]
 307 [25 4] [24 12] [32 25] [33 5] [21 20]
 308 [32 27] [23 34] [34 10] [28 35] [28 13]
 309 [23 22] [32 19] [29 9] [32 14] [31 27]
 306 [22 1] [23 39] [32 19] [17 14] [29 5]
 310 [27 31] [34 33] [28 26] [34 39] [31 3]
 311 [18 39] [31 11] [25 1] [33 16] [25 17]
 312 [26 2] [29 32] [19 8] [26 10] [26 23]
 313 [32 3] [21 1] [26 18] [29 25] [22 6]
 314 [27 0] [21 1] [16 3] [27 23] [23 16]
 316 [26 28] [26 5] [25 20] [29 34] [23 13]
 315 [25 12] [15 4] [18 38] [19 15] [34 5]
 318 [19 24] [27 28] [19 18] [27 35] [26 14]
 317 [25 8] [20 20] [21 30] [28 3] [28 18]
 319 [23 2] [33 15] [29 0] [20 33] [28 33]
 321 [34 0] [23 9] [18 14] [30 7] [27 2]
 320 [19 34] [28 23] [34 4] [28 4] [28 9]
 322 [28 1] [19 29] [21 1] [17 8] [27 10]
 323 [19 14] [25 8] [34 8] [21 35] [30 1]
 324 [29 11] [17 32] [34 10] [17 23] [21 37]
 325 [31 1] [24 12] [18 36] [29 10] [17 20]
 326 [17 22] [20 37] [17 28] [31 15] [26 6]
 327 [17 13] [33 8] [26 1] [20 1] [32 13]
 328 [31 0] [25 10] [33 14] [20 37] [16 17]
 329 [21 6] [29 6] [21 30] [34 2] [23 14]
 330 [28 0] [27 9] [32 11] [34 1] [17 15]
 331 [29 10] [34 13] [29 17] [18 1] [22 6]
 332 [25 10] [31 11] [28 0] [27 17] [29 5]
 333 [29 3] [34 2] [34 11] [24 11] [22 5]
 334 [15 18] [28 10] [29 15] [29 2] [18 5]
 335 [26 12] [28 1] [30 6] [21 4] [21 17]
 336 [30 4] [24 6] [31 11] [25 1] [16 10]
 337 [34 2] [29 3] [25 10] [34 11] [19 15]
 338 [30 15] [18 8] [21 13] [30 7] [34 0]
 339 [31 2] [24 1] [22 8] [32 16] [33 7]
 340 [28 17] [33 0] [34 6] [24 4] [34 15]
 341 [32 14] [26 11] [30 6] [32 1] [23 0]
 342 [21 2] [34 15] [26 10] [28 4] [33 10]
 343 [23 1] [27 11] [19 15] [28 1] [34 6]
 344 [34 1] [34 8] [29 4] [23 11] [33 13]
 347 [32 6] [20 2] [22 10] [20 17] [32 16]
 346 [18 8] [33 10] [30 4] [23 13] [25 2]
 345 [28 6] [22 9] [29 17] [34 18] [33 6]
 350 [33 13] [34 7] [25 11] [22 16] [25 1]
 348 [27 9] [32 14] [34 2] [20 8] [26 4]
 349 [25 3] [30 12] [32 2] [19 2] [24 17]
 351 [25 33] [15 35] [31 9] [31 28] [34 23] [28 0] [34 4] [33 17] [31 35] [20 0]
 352 [23 28] [28 27] [27 4] [25 13] [33 5] [20 37] [26 37] [20 23] [33 26] [20 11]
 353 [33 32] [29 4] [17 3] [28 17] [18 35] [34 14] [30 9] [29 26] [27 36] [23 22]
 354 [17 30] [18 20] [30 36] [20 7] [33 14] [34 29] [27 1] [29 27] [33 1] [27 18]
 355 [33 32] [26 37] [21 20] [27 13] [34 26] [31 18] [21 15] [21 4] [33 0] [26 32]
 356 [30 18] [20 23] [32 35] [16 1] [25 21] [33 6] [27 9] [33 26] [23 14] [21 5]
 357 [34 1] [29 12] [18 10] [26 2] [32 18] [19 16] [32 23] [34 12] [24 24] [32 34]
 358 [30 19] [29 34] [21 21] [25 6] [32 2] [32 25] [27 1] [20 35] [23 28] [31 12]
 359 [25 0] [31 28] [25 24] [34 6] [30 33] [31 0] [22 34] [34 12] [16 2] [27 14]
 360 [23 35] [32 5] [30 39] [34 24] [21 21] [33 10] [31 30] [27 11] [27 20] [19 4]
 361 [24 20] [33 6] [17 30] [26 13] [27 25] [22 26] [29 30] [24 5] [19 7] [20 14]
 362 [20 7] [30 14] [22 36] [26 21] [31 2] [27 30] [29 7] [28 38] [19 12] [17 34]
 363 [34 3] [25 14] [24 35] [33 17] [17 1] [23 20] [32 9] [24 4] [24 9] [26 27]
 364 [30 17] [24 38] [29 30] [25 22] [34 1] [20 30] [24 17] [18 1] [26 11] [33 12]
 366 [21 9] [25 20] [27 30] [18 35] [29 0] [30 8] [16 22] [29 13] [21 27] [27 36]
 365 [28 19] [17 22] [16 15] [23 30] [27 9] [32 10] [26 1] [23 25] [25 35] [31 4]
 367 [26 39] [22 25] [30 17] [26 30] [17 34] [26 8] [33 5] [31 12] [17 26] [15 20]
 368 [33 17] [31 12] [29 33] [27 17] [27 39] [20 3] [23 9] [24 30] [28 6] [25 23]
 369 [28 37] [23 18] [28 32] [33 5] [32 18] [22 25] [28 3] [20 38] [28 27] [27 8]
 370 [16 22] [28 32] [28 27] [21 39] [21 17] [28 11] [20 29] [27 2] [34 11] [33 6]
 372 [21 38] [21 1] [32 12] [26 11] [20 29] [28 18] [32 5] [20 19] [17 10] [25 6]
 373 [28 16] [21 32] [20 1] [33 9] [34 17] [19 27] [25 9] [23 17] [30 0] [20 6]
 371 [33 1] [19 15] [23 5] [33 8] [28 11] [28 1] [20 28] [18 8] [31 16] [21 36]
 374 [20 23] [34 10] [16 6] [19 31] [34 17] [32 4] [19 14] [29 10] [16 37] [26 18]
 375 [24 17] [33 2] [23 11] [34 12] [20 22] [29 15] [21 31] [18 1] [17 17] [18 6]
 376 [25 10] [19 7] [33 4] [25 16] [26 1] [19 32] [18 22] [17 13] [33 12] [34 17]
 377 [27 1] [27 9] [18 39] [33 11] [22 1] [32 1] [20 10] [32 6] [30 17] [21 21]
 378 [28 17] [31 2] [21 11] [34 7] [24 5] [22 16] [21 21] [15 39] [34 12] [20 35]
 380 [24 13] [17 26] [31 17] [23 18] [22 7] [31 9] [20 39] [17 3] [31 4] [26 2]
 379 [19 34] [32 15] [34 1] [15 20] [20 3] [26 2] [27 17] [18 9] [26 12] [32 10]
 382 [34 5] [18 13] [26 8] [27 13] [34 0] [22 18] [21 1] [33 14] [29 1] [19 8]
 381 [19 18] [29 0] [34 17] [32 12] [33 6] [27 5] [34 1] [25 11] [25 18] [24 0]
 383 [16 6] [29 17] [22 5] [29 10] [26 0] [21 12] [34 15] [34 5] [24 17] [19 17]
 384 [33 10] [19 15] [18 9] [31 0] [24 9] [32 5] [28 14] [33 16] [24 0] [16 4]
 385 [34 8] [19 3] [28 6] [22 18] [34 15] [16 10] [24 11] [34 2] [28 18] [29 1]
 386 [33 17] [25 15] [22 0] [18 12] [34 2] [33 9] [21 7] [17 1] [29 4] [20 17]
 387 [23 1] [27 17] [21 10] [22 15] [27 6] [32 0] [34 17] [34 7] [17 18] [28 12]
 388 [32 17] [17 6] [19 0] [17 13] [25 12] [31 12] [33 1] [23 18] [25 3] [34 7]
 390 [15 11] [28 18] [20 14] [23 4] [33 11] [28 0] [20 9] [33 4] [34 16] [26 9]
 391 [23 17] [27 6] [15 6] [21 10] [32 7] [22 0] [28 15] [33 15] [22 5] [31 0]
 389 [32 1] [17 12] [19 17] [32 17] [18 0] [27 17] [25 10] [24 1] [30 10] [18 5]
 392 [23 9] [17 7] [34 0] [34 5] [28 7] [20 18] [32 12] [28 2] [30 18] [18 1]
 393 [31 7] [27 15] [33 15] [16 11] [22 13] [17 17] [26 8] [18 2] [24 3] [32 1]
 394 [27 10] [17 0] [28 0] [22 6] [22 0] [28 5] [33 0] [34 11] [18 18] [23 16]
 395 [28 17] [31 2] [16 8] [21 2] [23 17] [26 1] [26 6] [16 2] [31 12] [31 7]
 396 [23 15] [21 10] [28 0] [32 17] [33 4] [28 11] [18 2] [23 0] [28 5] [33 11]
 397 [29 4] [34 3] [34 11] [17 2] [22 11] [17 10] [28 9] [22 16] [24 0] [23 6]
 399 [28 0] [20 3] [28 12] [33 3] [22 18] [33 12] [32 17] [19 12] [27 7] [27 17]
 398 [33 1] [32 8] [26 11] [34 15] [21 3] [28 17] [20 18] [26 6] [26 1] [20 10]
 400 [26 1] [34 0] [33 18] [33 7] [27 10] [26 18] [32 13] [18 12] [19 5] [20 17]
 401 [28 32] [33 30] [25 9] [31 7] [34 23] [19 30] [21 15] [27 20] [23 36] [26 25] [27 14] [25 4] [34 1] [31 38] [32 14]
 402 [34 37] [19 25] [18 13] [33 0] [26 13] [24 27] [27 22] [33 23] [33 30] [34 11] [18 33] [34 17] [28 3] [25 35] [23 7]
 403 [32 27] [32 16] [26 24] [31 6] [30 11] [22 39] [28 35] [25 8] [34 21] [33 32] [20 21] [20 30] [33 0] [19 15] [33 38]
 404 [23 6] [24 11] [30 39] [25 35] [27 16] [17 26] [27 21] [32 0] [27 0] [34 28] [32 6] [18 4] [33 23] [17 31] [29 28]
 406 [20 15] [30 35] [34 24] [19 6] [32 30] [27 24] [34 16] [34 5] [33 11] [20 21] [15 18] [24 35] [28 13] [25 5] [33 0]
 407 [31 3] [21 39] [31 10] [22 16] [29 29] [33 36] [21 27] [18 5] [20 0] [33 17] [29 23] [28 37] [18 21] [26 6] [28 17]
 405 [34 22] [15 13] [25 26] [22 31] [23 39] [23 17] [33 39] [19 7] [28 33] [29 17] [34 16] [30 0] [32 9] [33 29] [23 12]
 408 [25 0] [34 34] [25 7] [32 29] [18 5] [21 13] [34 20] [33 10] [32 4] [25 31] [34 15] [23 38] [24 24] [27 14] [28 39]
 409 [33 9] [26 24] [18 1] [22 17] [24 32] [29 14] [28 4] [19 9] [21 39] [34 2] [33 20] [31 31] [34 36] [21 27] [17 20]
 410 [27 14] [34 36] [26 38] [25 24] [15 20] [22 32] [34 28] [34 2] [29 2] [32 15] [21 15] [30 7] [28 30] [20 37] [32 22]
 411 [17 12] [20 25] [34 18] [19 17] [27 16] [24 37] [30 1] [25 26] [19 38] [29 31] [34 7] [20 7] [19 32] [32 12] [25 4]
 412 [34 1] [29 24] [17 39] [21 24] [27 18] [28 13] [28 31] [17 4] [33 18] [27 8] [26 38] [24 1] [18 32] [22 18] [34 13]
 413 [26 29] [22 3] [28 1] [28 6] [34 7] [33 12] [22 34] [27 12] [21 10] [17 32] [33 2] [27 34] [31 17] [20 23] [18 18]
 414 [18 23] [22 7] [28 39] [24 0] [28 27] [29 19] [30 13] [21 29] [17 15] [31 1] [26 33] [23 20] [17 6] [31 7] [23 39]
 415 [26 33] [28 24] [22 2] [15 1] [32 4] [26 8] [33 13] [16 34] [27 3] [28 15] [19 26] [17 14] [21 9] [20 19] [15 7]
 416 [16 5] [21 7] [25 28] [18 39] [19 29] [25 12] [34 8] [17 15] [26 37] [27 18] [26 3] [34 1] [19 34] [34 17] [25 23]
 417 [17 14] [29 23] [30 17] [21 0] [23 39] [28 38] [22 19] [23 10] [20 30] [15 9] [25 33] [20 24] [32 0] [30 5] [31 10]
 418 [26 3] [26 33] [30 8] [16 26] [32 2] [17 32] [23 22] [26 38] [24 27] [21 8] [20 38] [22 13] [29 22] [31 17] [21 0]
 419 [29 32] [17 35] [32 16] [23 15] [22 36] [21 9] [23 2] [25 21] [24 26] [28 1] [33 1] [29 26] [29 37] [30 10] [17 27]
 420 [22 19] [20 6] [26 25] [22 38] [20 14] [28 10] [34 13] [27 37] [25 31] [26 3] [16 29] [33 2] [27 19] [15 9] [33 7]
 422 [26 0] [24 18] [28 12] [24 6] [20 24] [29 6] [16 39] [34 9] [19 9] [33 17] [16 0] [17 30] [16 16] [31 0] [21 38]
 421 [28 5] [16 10] [27 0] [19 25] [33 13] [21 7] [20 19] [22 2] [34 8] [31 18] [32 0] [25 17] [20 39] [16 30] [24 12]
 424 [17 30] [15 15] [27 0] [32 18] [23 13] [19 7] [25 6] [19 2] [20 25] [34 0] [17 20] [21 39] [33 12] [25 18] [30 7]
 423 [31 0] [20 16] [34 10] [16 27] [34 15] [28 6] [21 32] [16 11] [17 39] [23 10] [21 21] [21 3] [29 16] [28 11] [21 27]
 425 [17 8] [31 18] [26 7] [19 32] [19 39] [15 1] [27 12] [33 13] [27 1] [33 0] [20 3] [18 20] [34 8] [17 15] [17 27]
 426 [29 7] [16 2] [16 36] [33 17] [21 35] [34 2] [19 29] [24 18] [24 10] [31 12] [19 16] [19 21] [24 3] [34 7] [17 10]
 427 [18 26] [19 20] [22 9] [27 10] [18 14] [20 33] [26 16] [21 1] [32 8] [15 3] [33 17] [34 0] [15 31] [19 38] [27 2]
 430 [21 16] [33 13] [20 34] [21 23] [27 16] [20 28] [23 1] [30 2] [15 11] [20 10] [16 18] [32 18] [17 4] [25 8] [30 7]
 428 [19 25] [22 12] [26 1] [19 38] [29 8] [34 6] [19 19] [28 18] [17 5] [21 32] [34 0] [27 13] [16 10] [18 0] [33 16]
 431 [34 2] [25 14] [20 6] [26 2] [3 2] [16 1] [10 1] [33 11] [15 7] [33 16] [20 11] [15 12] [21 0] [18 18] [28 9]
 429 [17 29] [15 9] [16 36] [28 17] [25 3] [31 0] [33 18] [33 5] [21 36] [20 16] [22 9] [16 24] [27 9] [20 2] [32 11]
 432 [22 3] [30 12] [22 9] [27 18] [16 8] [20 18] [7 29] [34 1] [15 1] [28 0] [27 6] [15 13] [15 18] [32 7] [33 17]
 434 [22 11] [34 18] [8 4] [23 6] [17 11] [32 7] [27 11] [9 10] [33 12] [27 16] [18 17] [25 0] [32 2] [2 5] [18 4]
 433 [26 8] [2 5] [32 2] [16 0] [20 7] [15 6] [32 7] [27 2] [2 20] [18 17] [22 2] [30 18] [17 12] [25 14] [33 13]
 435 [19 1] [34 11] [31 16] [17 7] [25 17] [13 30] [19 17] [27 11] [27 1] [22 7] [33 4] [9 13] [19 12] [8 35] [27 6]
 436 [19 0] [33 15] [28 4] [34 9] [17 5] [33 0] [17 10] [10 21] [2 18] [27 18] [18 15] [10 38] [22 9] [29 9] [5 4]
 437 [32 16] [15 16] [17 4] [25 16] [12 9] [19 9] [9 33] [33 11] [3 4] [31 6] [20 14] [4 11] [30 1] [24 3] [26 11]
 438 [10 17] [3 3] [22 11] [3 27] [27 4] [9 7] [21 3] [33 0] [33 8] [27 9] [17 10] [33 15] [15 4] [28 15] [19 16]
 439 [31 0] [15 18] [32 16] [0 31] [22 12] [21 5] [27 7] [27 14] [21 0] [32 8] [21 17] [17 10] [26 1] [2 38] [15 4]
 440 [23 10] [12 7] [33 16] [17 7] [26 0] [18 12] [21 18] [1 19] [33 4] [32 9] [26 5] [16 18] [7 31] [27 15] [18 0]
 441 [33 4] [30 11] [38 15] [32 16] [22 7] [16 7] [20 1] [18 18] [7 3] [11 15] [16 13] [23 16] [28 2] [9 8] [15 1]
 443 [36 14] [15 15] [16 6] [9 10] [30 15] [34 1] [10 0] [29 9] [34 8] [18 1] [24 1] [23 8] [22 13] [29 0] [23 18]
 442 [20 0] [34 12] [30 0] [25 0] [15 0] [16 17] [29 11] [17 7] [30 5] [22 5] [32 17] [24 14] [3 31] [7 12] [18 12]
 444 [26 10] [31 9] [21 18] [34 16] [20 13] [34 0] [26 15] [24 1] [29 2] [13 3] [36 7] [19 8] [18 1] [15 15] [2 35]
 445 [24 15] [1 19] [27 9] [20 7] [33 10] [15 9] [12 2] [4 3] [28 2] [17 15] [3 34] [19 1] [6 15] [33 16] [34 4]
 446 [21 15] [27 10] [15 18] [31 1] [20 2] [16 8] [32 12] [32 7] [21 10] [28 17] [33 18] [26 4] [16 13] [15 2] [3 18]
 447 [22 0] [19 11] [21 18] [28 14] [7 14] [32 3] [25 8] [8 2] [16 0] [0 24] [27 2] [15 18] [33 14] [19 6] [31 8]
 448 [28 0] [34 17] [32 12] [27 12] [22 12] [33 0] [19 18] [26 7] [24 17] [33 7] [15 5] [21 0] [16 11] [29 17] [20 6]
 449 [31 9] [30 17] [21 4] [18 18] [25 16] [15 2] [34 1] [25 11] [4 18] [5 24] [4 31] [3 8] [15 8] [27 2] [19 13]
 450 [34 0] [22 1] [19 14] [1 1] [29 1] [34 15] [16 7] [29 10] [17 1] [34 5] [1 20] [23 7] [25 15] [0 39] [34 10]
 451 [25 37] [23 8] [32 32] [28 19] [20 39] [16 16] [34 17] [24 28] [34 11] [28 12] [17 4] [23 21] [33 39] [32 5] [32 0] [16 11] [15 31] [23 1] [17 23] [31 25]
 452 [24 5] [31 26] [34 37] [23 39] [17 25] [33 20] [33 2] [24 17] [17 14] [31 15] [29 36] [34 10] [23 31] [32 31] [18 30] [24 23] [22 0] [19 19] [26 10] [19 7]
 453 [34 7] [33 31] [19 27] [18 4] [32 14] [33 19] [23 9] [34 1] [17 33] [31 25] [34 36] [27 19] [27 34] [18 38] [29 6] [29 1] [20 17] [26 28] [23 0] [16 22]
 454 [30 23] [25 11] [32 13] [19 29] [18 38] [34 1] [15 4] [32 29] [27 36] [29 1] [15 11] [24 28] [32 18] [23 6] [31 8] [24 21] [32 39] [22 1] [34 34] [16 20]
 456 [20 6] [28 30] [15 19] [19 33] [18 38] [19 25] [25 35] [31 14] [28 24] [21 0] [26 11] [25 6] [34 23] [33 28] [34 4] [27 1] [33 9] [22 18] [32 36] [27 19]
 455 [33 24] [33 9] [16 19] [23 17] [24 28] [25 7] [28 17] [22 39] [21 33] [28 35] [29 29] [27 12] [20 11] [16 34] [34 31] [33 14] [20 0] [34 2] [27 2] [33 38]
 457 [21 12] [15 14] [16 24] [34 14] [21 30] [27 24] [26 0] [16 19] [26 6] [23 38] [32 27] [28 11] [30 33] [28 19] [34 2] [34 19] [22 24] [28 39] [20 4] [33 9]
 458 [33 28] [15 3] [28 35] [17 39] [22 19] [34 0] [31 7] [21 33] [15 33] [33 33] [25 2] [16 9] [32 15] [24 26] [31 21] [19 14] [33 39] [19 24] [27 16] [26 10]
 459 [18 1] [16 33] [29 18] [22 27] [19 22] [31 10] [19 12] [20 6] [32 38] [25 13] [26 7] [34 16] [22 37] [27 1] [24 19] [30 26] [34 32] [33 4] [29 32] [34 21]
 460 [26 16] [34 17] [24 39] [34 36] [18 4] [33 6] [24 34] [20 22] [32 12] [32 1] [26 11] [29 35] [30 23] [27 4] [17 17] [17 39] [15 10] [23 29] [20 12] [30 30]
 461 [15 2] [15 31] [27 22] [17 39] [25 12] [17 8] [20 0] [27 4] [34 2] [16 14] [27 35] [19 26] [22 39] [22 6] [27 29] [22 18] [31 17] [15 21] [32 11] [22 33]
 465 [21 38] [29 35] [17 24] [19 14] [26 1] [22 31] [18 19] [34 5] [32 0] [15 36] [29 23] [18 3] [24 23] [29 29] [27 9] [30 15] [16 9] [21 8] [33 10] [25 14]
 462 [16 7] [25 31] [9 24] [27 26] [18 1] [21 10] [26 13] [6 33] [34 5] [28 20] [28 39] [33 14] [23 39] [26 4] [18 30] [16 12] [18 24] [19 17] [33 0] [17 39]
 464 [22 24] [27 3] [16 18] [16 39] [29 15] [34 5] [32 0] [16 10] [20 5] [30 10] [21 18] [28 22] [21 29] [21 12] [28 35] [26 30] [22 37] [34 15] [20 0] [16 26]
 463 [26 24] [17 30] [19 0] [22 30] [15 5] [19 25] [16 38] [31 8] [28 39] [27 32] [32 17] [24 10] [26 18] [21 19] [29 2] [21 35] [19 12] [34 0] [24 1] [16 19]
 466 [34 12] [22 6] [16 10] [34 6] [23 39] [21 13] [31 17] [26 17] [29 39] [28 25] [28 12] [23 26] [16 0] [27 6] [24 1] [22 31] [17 20] [17 37] [27 32] [16 28]
 467 [16 25] [27 18] [22 30] [28 35] [22 24] [28 28] [23 39] [19 19] [16 14] [22 13] [28 4] [34 2] [27 23] [27 11] [34 11] [16 3] [33 16] [18 39] [21 0] [22 7]
 468 [17 33] [18 26] [24 14] [20 1] [27 39] [16 11] [29 29] [23 27] [22 32] [25 19] [20 39] [19 17] [31 18] [34 3] [32 9] [29 3] [15 2] [26 8] [29 24] [21 9]
 469 [21 12] [27 7] [25 39] [19 34] [16 8] [22 7] [18 28] [25 1] [33 4] [20 39] [27 21] [24 27] [28 14] [25 32] [19 23] [20 18] [33 18] [33 9] [17 2] [29 26]
 472 [29 0] [17 8] [34 2] [21 37] [34 11] [24 4] [17 16] [29 5] [21 27] [32 16] [28 11] [21 22] [16 24] [22 17] [21 32] [27 17] [22 12] [16 31] [18 3] [16 39]
 470 [34 9] [29 0] [34 0] [22 2] [22 36] [16 20] [29 16] [29 22] [28 31] [23 27] [22 15] [15 0] [28 39] [15 10] [23 7] [15 25] [17 15] [23 20] [34 16] [29 8]
 473 [21 39] [16 39] [33 1] [16 33] [18 16] [15 11] [18 1] [20 11] [26 11] [33 13] [18 6] [28 1] [23 2] [20 26] [34 6] [18 21] [28 6] [32 18] [21 33] [25 17]
 471 [20 23] [34 6] [17 28] [20 0] [2 30] [34 1] [34 18] [18 35] [28 7] [15 5] [20 5] [29 1] [16 17] [27 14] [15 23] [22 10] [15 0] [15 11] [21 16] [34 11]
 474 [20 39] [24 0] [29 13] [15 38] [22 18] [18 32] [34 11] [16 21] [29 18] [25 7] [30 4] [17 26] [20 7] [17 0] [15 7] [17 15] [8 21] [2 32] [34 17] [22 12]
 475 [15 39] [34 9] [28 17] [34 14] [29 11] [15 34] [17 20] [20 38] [33 3] [26 0] [18 12] [0 6] [18 0] [20 7] [15 7] [23 17] [28 5] [5 31] [23 12] [18 29]
 477 [25 4] [10 33] [3 33] [24 17] [11 15] [29 9] [3 24] [29 15] [20 1] [34 12] [22 12] [17 7] [18 27] [16 13] [30 3] [18 35] [19 19] [5 4] [15 1] [34 17]
 476 [17 8] [16 0] [30 0] [31 10] [15 35] [15 15] [33 15] [9 8] [28 15] [7 3] [2 16] [26 7] [4 32] [19 24] [20 37] [35 0] [19 29] [20 16] [32 5] [25 1]
 479 [9 37] [39 9] [33 16] [19 29] [15 19] [3 27] [16 24] [21 22] [21 35] [27 10] [16 35] [32 8] [15 13] [21 16] [23 2] [22 7] [26 15] [18 0] [31 3] [15 6]
 478 [30 8] [25 15] [28 2] [15 4] [21 4] [30 15] [16 12] [24 10] [33 0] [10 5] [17 32] [4 22] [21 39] [18 23] [20 17] [16 38] [36 18] [38 6] [15 18] [5 11]
 480 [19 7] [6 24] [17 18] [19 35] [31 15] [16 23] [8 16] [2 12] [18 0] [21 23] [25 4] [12 5] [19 28] [34 8] [25 14] [7 8] [11 21] [27 9] [18 13] [31 0]
 481 [2 32] [12 26] [17 17] [4 4] [9 6] [24 1] [23 6] [33 9] [2 27] [16 10] [9 20] [32 4] [24 18] [30 14] [10 37] [16 3] [10 14] [25 13] [7 30] [2 14]
 482 [28 9] [6 6] [30 18] [15 17] [25 2] [23 7] [20 2] [11 27] [15 1] [6 33] [34 3] [8 15] [2 19] [20 14] [15 8] [1 25] [34 13] [25 17] [34 8] [7 20]
 483 [17 17] [33 18] [27 1] [19 10] [6 20] [19 2] [9 26] [3 15] [34 2] [24 12] [11 16] [5 0] [10 36] [25 7] [22 18] [5 7] [11 6] [35 12] [28 18] [30 9]
 484 [20 0] [21 18] [26 18] [1 30] [0 25] [25 11] [25 0] [15 0] [2 13] [31 1] [6 5] [17 5] [22 5] [10 14] [6 35] [31 6] [31 17] [16 16] [34 12] [19 11]
 485 [7 2] [20 10] [18 0] [4 13] [31 1] [15 10] [31 17] [18 15] [36 0] [10 31] [17 5] [11 25] [1 30] [26 8] [0 24] [26 13] [32 6] [24 18] [33 11] [25 3]
 488 [34 12] [26 9] [16 1] [5 21] [18 9] [10 11] [13 35] [27 4] [20 14] [0 13] [33 6] [32 17] [7 31] [33 1] [12 21] [15 15] [27 16] [5 2] [38 1] [21 2]
 486 [32 12] [7 23] [12 1] [31 18] [25 8] [3 0] [0 20] [26 0] [32 1] [6 6] [39 8] [3 13] [18 18] [26 16] [18 4] [19 12] [33 6] [7 38] [0 7] [13 16]
 487 [27 15] [33 6] [0 11] [17 7] [32 16] [12 38] [15 18] [20 17] [11 1] [7 29] [25 9] [18 12] [2 32] [34 11] [22 1] [28 3] [2 18] [8 20] [16 0] [34 0]
 489 [10 6] [25 18] [32 11] [12 33] [32 6] [3 17] [31 16] [0 23] [1 0] [39 8] [19 16] [24 0] [13 16] [25 6] [18 3] [19 9] [30 1] [2 7] [39 3] [26 12]
 490 [11 29] [15 1] [12 22] [33 7] [18 12] [32 15] [26 8] [19 18] [29 0] [17 7] [10 17] [4 39] [3 18] [38 10] [3 0] [25 14] [0 26] [23 1] [34 0] [10 37]
 491 [20 4] [18 11] [32 8] [15 6] [25 4] [34 1] [9 15] [1 37] [15 1] [17 17] [2 11] [30 18] [3 31] [25 10] [25 17] [4 25] [1 0] [39 2] [31 13] [39 9]
 492 [39 11] [15 16] [33 0] [3 0] [10 12] [4 24] [27 4] [15 1] [8 5] [34 6] [32 18] [25 10] [22 15] [38 17] [27 18] [5 16] [1 32] [20 4] [31 11] [19 10]
 495 [17 18] [8 14] [4 26] [22 18] [1 14] [33 6] [27 14] [26 9] [19 7] [16 0] [11 4] [34 13] [4 1] [19 13] [31 0] [5 35] [13 11] [33 18] [24 1] [39 0]
 494 [1 33] [33 3] [38 10] [34 18] [23 8] [0 5] [18 4] [28 15] [20 14] [33 11] [15 15] [12 9] [24 0] [28 8] [12 0] [9 15] [17 9] [2 17] [5 4] [3 11]
 496 [11 17] [25 18] [16 8] [11 6] [2 23] [30 18] [3 28] [0 0] [4 16] [5 1] [23 6] [33 6] [18 15] [34 0] [2 36] [23 0] [25 13] [28 4] [16 2] [32 12]
 497 [32 8] [23 6] [1 30] [26 0] [22 11] [16 2] [11 10] [28 15] [0 23] [15 18] [2 0] [17 10] [39 2] [33 18] [31 2] [2 10] [9 1] [34 13] [20 17] [21 1]
 493 [15 16] [24 12] [31 0] [0 35] [23 18] [34 6] [0 17] [19 9] [3 27] [15 1] [21 0] [26 0] [29 18] [29 12] [6 17] [28 5] [34 11] [8 9] [34 17] [1 11]
 498 [32 0] [1 9] [13 14] [27 12] [2 2] [12 4] [4 21] [25 1] [33 10] [18 9] [27 17] [4 27] [19 18] [34 15] [0 33] [6 13] [18 2] [23 7] [37 0] [31 5]
 499 [22 8] [33 9] [5 35] [22 2] [31 17] [34 4] [4 17] [15 13] [15 18] [20 14] [10 16] [28 11] [16 7] [27 4] [16 0] [39 15] [8 4] [26 16] [7 10] [1 3]
 500 [37 1] [33 8] [0 18] [5 28] [18 7] [26 16] [11 17] [26 2] [15 0] [33 16] [18 14] [21 0] [38 13] [25 10] [3 10] [10 12] [10 7] [4 2] [32 0] [2 36]
 501
 503
 502
 504
 505
 506
 507
 508
 509
 510
 512
 513
 514
 511
 515
 516
 517
 518
 519
 520
 521
 523
 522
 524
 525
 526
 527
 528
 529
 530
 531
 532
 533
 534
 535
 536
 537
 538
 539
 540
 541
 542
 543
 544
 545
 546
 547
 548
 549
 550
 551 [29 38] [23 28] [27 9] [27 17] [33 6]
 552 [23 36] [29 0] [33 35] [34 15] [33 28]
 553 [28 28] [34 12] [30 7] [31 23] [26 1]
 554 [32 6] [33 26] [32 19] [33 32] [32 39]
 556 [30 21] [26 27] [24 33] [30 4] [24 18]
 555 [30 37] [34 26] [32 6] [28 24] [26 4]
 557 [18 14] [22 30] [30 13] [32 21] [34 37]
 558 [32 29] [33 9] [30 17] [21 9] [23 28]
 559 [27 12] [19 6] [30 36] [21 0] [27 20]
 560 [16 37] [32 1] [18 21] [28 26] [22 3]
 561 [27 8] [22 17] [34 16] [21 27] [25 37]
 562 [19 25] [26 37] [26 5] [27 21] [29 13]
 563 [34 12] [24 9] [26 38] [22 25] [19 38]
 565 [23 11] [33 15] [22 26] [18 33] [26 3]
 564 [33 11] [25 14] [25 35] [26 26] [17 32]
 566 [34 7] [26 24] [24 6] [25 39] [20 12]
 567 [21 11] [29 20] [15 19] [34 1] [34 12]
 568 [29 32] [23 33] [18 13] [34 0] [28 11]
 569 [28 39] [32 3] [27 16] [23 21] [34 11]
 570 [25 26] [33 6] [25 15] [24 6] [16 35]
 571 [32 7] [22 8] [18 18] [19 29] [17 24]
 572 [17 4] [34 16] [31 4] [25 0] [28 16]
 573 [24 18] [26 1] [30 8] [17 35] [27 13]
 574 [34 7] [24 15] [23 1] [31 0] [29 18]
 575 [24 12] [20 33] [31 14] [24 17] [23 5]
 576 [22 18] [27 17] [31 7] [21 11] [34 14]
 577 [25 13] [34 18] [25 0] [31 4] [18 35]
 578 [24 17] [19 15] [15 27] [33 10] [24 10]
 579 [34 5] [19 22] [34 12] [29 0] [28 6]
 580 [32 12] [20 23] [17 2] [25 6] [29 17]
 581 [30 10] [17 18] [16 2] [30 18] [25 2]
 583 [33 1] [28 15] [26 9] [19 5] [24 3]
 582 [31 18] [32 13] [27 9] [16 4] [30 2]
 584 [19 9] [33 6] [21 2] [32 18] [26 10]
 585 [31 1] [29 7] [18 2] [30 15] [21 12]
 586 [34 11] [29 1] [26 13] [34 2] [25 7]
 587 [34 11] [19 18] [33 1] [26 15] [21 1]
 591 [34 7] [24 13] [20 7] [34 2] [30 18]
 588 [28 13] [23 3] [20 16] [28 2] [18 4]
 590 [33 2] [32 13] [21 18] [23 3] [20 9]
 589 [33 17] [28 1] [29 9] [23 3] [34 7]
 592 [25 8] [28 14] [34 9] [34 17] [32 1]
 593 [25 2] [30 11] [34 0] [24 15] [31 16]
 594 [34 17] [33 10] [26 9] [19 13] [26 3]
 596 [30 13] [30 0] [21 15] [30 7] [31 18]
 595 [20 11] [25 0] [30 2] [20 3] [30 14]
 598 [26 15] [20 5] [26 5] [32 9] [34 2]
 597 [19 11] [32 11] [29 18] [30 6] [24 2]
 600 [33 15] [33 2] [22 14] [22 9] [24 0]
 599 [24 16] [29 12] [18 12] [33 7] [27 3]
 601 [29 0] [32 30] [18 33] [25 17] [34 0] [32 38] [30 12] [25 11] [33 21] [27 37]
 602 [33 38] [26 33] [22 12] [16 0] [29 1] [31 19] [24 26] [33 13] [27 6] [22 21]
 603 [34 37] [24 32] [29 26] [33 19] [29 7] [23 1] [16 6] [31 2] [33 14] [30 31]
 604 [24 18] [31 8] [33 28] [23 2] [34 13] [19 10] [25 11] [30 3] [23 30] [19 16]
 605 [19 38] [22 15] [32 1] [34 35] [22 25] [22 4] [33 15] [32 23] [30 29] [28 12]
 606 [26 28] [29 23] [27 7] [16 25] [34 15] [21 20] [34 10] [27 16] [21 6] [20 15]
 607 [34 8] [29 15] [27 27] [28 2] [29 32] [24 34] [25 8] [19 25] [19 34] [34 25]
 608 [25 4] [28 10] [30 23] [21 22] [33 28] [24 29] [31 16] [33 8] [31 35] [23 17]
 609 [30 24] [22 10] [21 2] [34 1] [33 6] [29 1] [22 23] [29 17] [32 39] [24 36]
 610 [19 3] [25 15] [33 2] [24 5] [20 21] [33 14] [25 32] [32 38] [25 26] [34 31]
 613 [32 15] [21 24] [22 3] [20 9] [29 10] [30 1] [27 38] [26 20] [20 16] [29 27]
 611 [19 1] [25 16] [18 33] [26 38] [16 38] [30 15] [25 8] [28 33] [26 25] [32 10]
 614 [23 27] [32 16] [27 3] [33 1] [17 0] [17 5] [19 39] [23 18] [22 13] [29 33]
 612 [26 0] [34 13] [28 14] [23 28] [18 23] [22 14] [27 19] [27 38] [28 25] [28 7]
 617 [27 26] [30 1] [25 8] [31 13] [26 21] [30 6] [23 2] [21 13] [18 29] [27 34]
 615 [27 6] [22 38] [21 30] [27 33] [34 5] [27 28] [32 11] [34 0] [21 18] [27 15]
 616 [27 28] [27 36] [24 7] [32 9] [20 36] [17 22] [27 16] [34 3] [26 1] [21 29]
 618 [20 21] [23 10] [22 27] [28 13] [19 38] [30 6] [22 33] [34 12] [29 21] [24 3]
 620 [30 13] [31 18] [26 36] [24 16] [26 31] [24 4] [20 29] [32 8] [34 2] [23 22]
 619 [29 29] [27 24] [21 38] [33 1] [25 2] [21 23] [26 17] [32 6] [32 17] [16 20]
 621 [19 31] [24 7] [30 7] [21 18] [26 17] [29 1] [33 18] [22 1] [33 13] [26 12]
 622 [30 7] [26 17] [26 12] [19 30] [31 16] [21 3] [18 21] [16 2] [21 12] [33 1]
 624 [34 12] [33 0] [21 0] [23 16] [28 6] [34 5] [26 1] [22 10] [20 22] [32 17]
 623 [24 13] [25 6] [17 2] [26 1] [34 17] [20 25] [32 7] [18 15] [32 1] [21 36]
 625 [32 12] [21 3] [18 39] [29 17] [26 1] [24 8] [19 15] [20 24] [19 10] [31 0]
 626 [20 30] [21 17] [18 1] [34 0] [15 32] [20 6] [32 7] [31 17] [27 10] [20 11]
 627 [17 27] [18 2] [20 35] [16 12] [24 2] [32 11] [18 19] [34 18] [31 3] [25 9]
 630 [28 2] [23 1] [31 12] [23 17] [15 32] [34 5] [28 17] [19 39] [19 6] [25 9]
 628 [21 26] [34 7] [33 14] [27 3] [25 15] [16 18] [18 8] [23 10] [32 1] [19 1]
 629 [34 8] [21 37] [18 7] [30 3] [16 14] [32 18] [26 16] [16 1] [29 9] [23 5]
 632 [34 14] [29 7] [19 18] [25 14] [20 10] [34 9] [30 0] [15 9] [19 4] [25 1]
 631 [17 10] [31 18] [25 13] [23 1] [28 1] [20 17] [18 5] [31 8] [33 1] [24 7]
 633 [23 14] [27 2] [18 8] [18 16] [28 9] [33 0] [33 15] [28 17] [34 6] [20 2]
 634 [22 8] [34 16] [23 17] [31 2] [29 8] [34 9] [15 3] [20 1] [29 14] [25 3]
 635 [20 15] [25 15] [23 8] [31 17] [17 4] [31 2] [15 17] [16 10] [24 0] [31 10]
 637 [24 3] [34 14] [33 1] [19 3] [31 6] [23 18] [24 8] [19 9] [28 18] [25 13]
 636 [32 0] [19 13] [18 3] [23 1] [33 11] [32 5] [27 11] [26 6] [31 17] [25 17]
 638 [32 14] [30 0] [27 15] [21 9] [21 3] [18 18] [15 1] [16 9] [27 5] [34 7]
 639 [28 14] [17 1] [29 0] [34 10] [33 17] [18 8] [23 17] [25 6] [17 14] [33 5]
 640 [23 1] [34 11] [15 15] [17 10] [33 6] [28 4] [29 11] [34 17] [25 16] [24 11]
 641 [32 16] [16 9] [21 8] [19 2] [28 4] [34 4] [34 10] [24 17] [26 12] [15 18]
 642 [28 15] [17 18] [27 1] [22 8] [17 7] [19 13] [33 14] [30 7] [33 1] [20 1]
 643 [33 4] [20 10] [17 15] [26 11] [26 0] [26 16] [22 5] [32 16] [32 11] [16 2]
 645 [20 11] [20 18] [32 1] [27 17] [28 11] [24 3] [15 18] [15 8] [33 7] [32 16]
 644 [24 7] [34 3] [18 6] [29 16] [31 10] [19 12] [23 18] [25 0] [18 17] [18 1]
 646 [33 2] [23 15] [28 7] [23 1] [28 16] [21 10] [34 16] [16 3] [33 10] [17 17]
 647 [34 0] [19 8] [17 13] [33 7] [27 15] [26 2] [18 2] [34 12] [26 8] [22 17]
 648 [21 14] [31 2] [25 2] [33 18] [27 16] [29 10] [34 7] [34 12] [17 0] [24 8]
 649 [25 16] [25 11] [20 3] [18 8] [16 17] [31 15] [29 4] [15 0] [34 2] [32 10]
 650 [21 3] [34 2] [34 7] [16 4] [27 6] [21 9] [29 1] [30 15] [25 14] [16 18]
 655 [17 34] [27 17] [17 10] [32 26] [19 23] [28 10] [34 3] [32 36] [21 1] [27 2] [24 28] [17 15] [27 22] [29 31] [34 15]
 652 [22 6] [24 28] [32 37] [34 2] [28 2] [29 20] [19 27] [24 14] [27 7] [24 36] [16 34] [33 10] [34 32] [31 27] [21 0]
 654 [25 34] [33 22] [32 16] [20 16] [30 32] [32 10] [20 26] [19 0] [26 23] [27 5] [34 2] [17 35] [25 29] [32 27] [22 6]
 653 [24 36] [18 12] [27 6] [31 20] [23 17] [33 2] [19 5] [25 11] [34 14] [18 29] [30 26] [28 31] [33 31] [25 26] [29 36]
 651 [33 4] [27 27] [30 10] [17 15] [28 1] [17 39] [29 37] [24 20] [34 19] [23 34] [25 11] [21 6] [29 17] [34 34] [32 27]
 656 [20 32] [30 13] [34 20] [31 4] [25 4] [23 14] [23 38] [19 4] [26 31] [23 9] [19 23] [33 27] [26 24] [32 36] [28 18]
 658 [33 5] [22 15] [27 23] [33 28] [27 18] [32 14] [33 33] [20 10] [17 1] [27 4] [17 21] [27 32] [25 38] [30 39] [32 23]
 657 [34 38] [34 2] [19 39] [21 6] [26 0] [27 37] [32 26] [34 20] [33 31] [24 16] [16 14] [32 14] [20 1] [29 7] [22 28]
 661 [20 26] [29 5] [34 12] [16 7] [24 4] [28 13] [32 18] [26 34] [34 7] [18 39] [26 19] [29 0] [20 34] [20 15] [26 27]
 663 [30 10] [26 37] [26 32] [16 1] [26 4] [28 19] [29 25] [18 10] [22 23] [21 32] [33 18] [25 14] [33 3] [16 20] [19 15]
 664 [25 36] [19 14] [25 8] [20 31] [29 19] [22 19] [20 36] [30 8] [28 24] [18 5] [27 30] [34 13] [24 13] [25 0] [33 2]
 660 [26 3] [23 31] [23 11] [20 18] [27 20] [33 1] [33 22] [17 25] [34 29] [33 7] [24 26] [30 34] [26 39] [29 27] [34 14]
 659 [27 3] [26 19] [21 3] [34 36] [16 7] [27 28] [32 26] [30 11] [25 14] [20 31] [32 4] [33 18] [21 8] [27 39] [21 38]
 662 [19 39] [34 5] [24 3] [29 25] [33 18] [26 18] [29 38] [20 19] [23 32] [20 25] [31 11] [20 10] [18 33] [25 9] [29 2]
 665 [33 6] [20 13] [18 7] [20 28] [19 38] [32 1] [27 38] [23 1] [27 17] [25 8] [19 19] [28 32] [31 11] [15 24] [28 26]
 666 [27 15] [29 37] [34 18] [34 8] [17 8] [22 30] [29 9] [28 24] [26 2] [28 29] [32 0] [24 10] [24 39] [18 19] [23 22]
 667 [29 0] [26 14] [22 38] [20 7] [28 8] [34 1] [29 36] [34 14] [25 26] [33 8] [21 18] [23 33] [20 0] [27 21] [17 38]
 668 [24 10] [29 10] [24 31] [29 34] [31 1] [22 39] [17 4] [31 18] [25 17] [29 25] [25 3] [16 23] [23 24] [17 30] [17 38]
 669 [16 19] [21 23] [28 39] [32 0] [23 1] [21 38] [23 14] [19 28] [34 14] [26 33] [34 5] [28 24] [29 8] [26 19] [16 34]
 670 [31 5] [20 34] [32 10] [29 23] [21 18] [34 16] [28 15] [20 2] [18 25] [16 11] [26 9] [29 34] [32 0] [21 39] [28 29]
 671 [33 5] [27 18] [33 17] [22 15] [17 14] [33 11] [29 0] [18 27] [18 20] [16 2] [22 10] [28 9] [16 7] [24 3] [21 35]
 672 [25 18] [18 10] [34 14] [27 2] [32 1] [16 0] [17 34] [20 5] [21 0] [26 7] [26 12] [21 39] [19 17] [34 7] [19 25]
 673 [17 17] [30 13] [17 6] [29 8] [20 29] [23 8] [25 15] [34 8] [34 1] [33 18] [17 37] [29 2] [23 2] [15 29] [21 24]
 674 [20 13] [30 18] [24 7] [32 12] [29 7] [30 2] [20 20] [15 15] [20 36] [19 6] [20 26] [25 14] [34 7] [15 28] [25 0]
 675 [21 2] [33 11] [31 0] [29 18] [21 30] [19 36] [26 9] [26 0] [34 16] [15 0] [33 5] [16 30] [20 17] [20 9] [20 22]
 676 [17 0] [25 1] [34 11] [20 30] [24 7] [22 16] [18 24] [18 7] [21 36] [30 5] [30 0] [28 12] [15 34] [29 18] [34 16]
 677 [34 16] [21 36] [21 29] [34 10] [34 3] [23 2] [28 0] [27 7] [29 18] [18 3] [21 18] [18 11] [27 13] [20 23] [15 35]
 679 [16 9] [30 2] [24 4] [20 33] [33 18] [16 38] [23 15] [31 7] [18 4] [21 10] [30 13] [28 18] [16 15] [15 29] [20 25]
 678 [16 38] [34 15] [25 15] [21 27] [34 0] [29 1] [24 1] [17 32] [19 2] [17 16] [19 22] [28 10] [21 39] [22 8] [34 9]
 680 [29 6] [16 29] [23 9] [28 18] [33 18] [17 15] [32 1] [17 8] [32 13] [19 22] [24 3] [23 16] [20 38] [34 7] [21 29]
 681 [15 8] [23 15] [20 3] [34 11] [5 9] [25 0] [31 6] [24 9] [9 23] [34 0] [34 18] [29 18] [16 15] [15 3] [29 11]
 682 [24 11] [19 1] [19 6] [18 14] [24 4] [8 3] [24 16] [32 6] [11 26] [30 11] [4 33] [5 13] [30 17] [31 1] [0 12]
 683 [24 10] [34 16] [3 0] [16 11] [27 4] [19 17] [28 18] [21 0] [30 11] [32 0] [33 6] [20 5] [15 4] [5 11] [39 8]
 685 [27 11] [22 4] [3 19] [33 4] [24 17] [13 28] [30 17] [12 15] [18 10] [7 31] [17 4] [27 6] [34 10] [27 1] [19 16]
 686 [22 4] [12 21] [23 13] [17 7] [4 3] [16 0] [28 7] [19 18] [33 1] [31 12] [34 7] [18 13] [31 18] [24 18] [28 0]
 684 [12 36] [17 17] [26 3] [7 18] [32 13] [2 37] [15 2] [39 16] [23 12] [30 18] [31 0] [18 8] [32 5] [22 17] [20 3]
 687 [16 7] [15 18] [20 17] [36 3] [4 8] [25 1] [7 18] [27 17] [16 1] [18 12] [24 6] [31 9] [25 11] [30 2] [32 16]
 688 [26 1] [26 11] [20 17] [0 29] [33 6] [28 18] [34 16] [21 11] [15 8] [32 0] [19 3] [28 6] [15 16] [13 35] [31 11]
 689 [34 16] [17 17] [16 0] [16 6] [21 1] [24 17] [22 12] [29 0] [6 6] [29 16] [16 11] [22 7] [34 2] [34 11] [27 8]
 690 [20 11] [16 1] [15 16] [34 16] [28 17] [20 16] [10 26] [31 10] [29 1] [15 8] [22 2] [25 7] [34 0] [25 12] [34 5]
 691 [34 10] [34 3] [20 5] [32 17] [20 18] [15 9] [14 2] [15 18] [2 35] [28 4] [25 12] [19 0] [26 18] [20 10] [7 11]
 692 [34 17] [19 6] [3 20] [26 3] [34 0] [6 7] [17 18] [33 5] [26 9] [33 11] [27 14] [22 15] [16 13] [15 1] [20 1]
 693 [16 4] [30 1] [15 14] [16 9] [8 11] [32 6] [26 9] [35 0] [21 9] [31 16] [34 11] [24 3] [3 14] [20 14] [26 16]
 695 [27 8] [23 2] [28 0] [15 9] [16 17] [33 9] [32 15] [22 7] [33 1] [21 15] [4 27] [26 15] [2 11] [18 2] [4 21]
 694 [16 0] [21 1] [0 34] [28 17] [22 8] [19 14] [2 24] [30 8] [33 3] [0 5] [4 14] [10 7] [26 1] [16 6] [33 17]
 696 [34 5] [19 14] [34 17] [34 0] [23 6] [11 15] [15 3] [34 10] [27 14] [29 6] [20 0] [8 6] [27 0] [1 37] [16 8]
 697 [19 16] [17 0] [1 28] [3 37] [19 11] [30 2] [17 6] [28 7] [32 16] [22 6] [23 0] [25 15] [5 17] [0 16] [33 10]
 701 [26 7] [33 18] [32 8] [16 6] [34 31] [16 11] [18 22] [27 15] [34 3] [31 36] [32 13] [19 36] [21 10] [29 2] [21 27] [26 31] [26 24] [32 25] [21 16] [22 1]
 700 [19 2] [18 13] [26 7] [34 0] [29 0] [32 6] [34 12] [33 17] [15 18] [24 2] [25 15] [17 8] [8 16] [20 18] [5 26]
 699 [5 17] [25 16] [8 1] [32 15] [21 4] [32 3] [0 12] [25 9] [19 14] [5 38] [15 3] [2 23] [27 2] [34 10] [16 8]
 698 [1 26] [2 18] [17 0] [4 7] [16 16] [25 17] [20 9] [15 9] [30 15] [7 0] [26 10] [25 4] [33 5] [34 10] [30 0]
 702 [20 13] [24 36] [26 3] [33 38] [18 32] [25 15] [28 24] [28 30] [23 22] [32 10] [34 23] [34 29] [17 18] [31 0] [19 1] [16 23] [23 31] [19 6] [26 8] [30 16]
 704 [34 29] [28 39] [17 31] [22 29] [31 13] [15 38] [27 27] [30 34] [34 24] [28 19] [32 3] [26 0] [22 24] [18 19] [34 8] [20 14] [26 9] [33 18] [18 4] [20 38]
 703 [26 25] [28 16] [24 8] [34 28] [34 36] [31 10] [21 2] [17 23] [16 32] [29 31] [21 16] [21 31] [27 0] [29 37] [16 17] [23 39] [33 17] [33 23] [19 7] [30 5]
 705 [16 20] [15 8] [34 16] [31 0] [19 39] [25 17] [34 7] [19 2] [32 36] [33 24] [25 37] [27 22] [20 7] [25 3] [22 26] [19 13] [33 31] [18 31] [26 8] [28 28]
 706 [29 12] [27 29] [27 6] [27 36] [34 14] [24 12] [22 36] [17 37] [15 9] [21 3] [28 17] [34 29] [32 36] [26 1] [34 5] [21 21] [33 21] [28 23] [20 26] [18 15]
 709 [34 15] [22 0] [34 0] [22 36] [27 0] [23 19] [32 27] [31 21] [27 33] [28 39] [19 25] [32 33] [25 27] [27 14] [17 20] [26 8] [32 7] [19 31] [17 6] [16 37]
 710 [21 18] [20 2] [24 26] [32 0] [25 8] [20 32] [34 21] [33 29] [16 39] [28 21] [16 13] [26 31] [34 35] [26 16] [19 26] [23 39] [34 16] [28 39] [27 3] [30 9]
 708 [23 23] [17 35] [32 18] [32 12] [27 2] [21 28] [19 10] [23 18] [24 33] [17 19] [33 23] [34 29] [31 34] [27 39] [32 39] [25 8] [32 3] [27 13] [26 28] [19 4]
 707 [20 35] [31 26] [23 20] [18 20] [34 13] [25 0] [21 14] [33 37] [26 31] [29 12] [29 19] [25 26] [32 0] [34 19] [31 32] [30 6] [27 39] [24 5] [17 28] [18 8]
 711 [33 4] [27 3] [17 35] [23 34] [26 23] [34 16] [28 14] [17 12] [23 29] [21 7] [23 12] [23 17] [22 39] [15 30] [28 30] [17 2] [29 39] [18 19] [33 10] [17 25]
 712 [16 16] [29 23] [20 34] [15 9] [26 30] [29 12] [20 29] [26 17] [34 10] [26 38] [24 23] [17 39] [34 16] [20 9] [21 16] [16 22] [33 3] [23 3] [28 1] [28 6]
 713 [28 36] [34 11] [23 22] [16 39] [23 37] [33 4] [21 2] [34 16] [28 30] [22 32] [28 25] [15 5] [18 19] [22 27] [28 7] [25 16] [17 29] [20 8] [26 0] [18 13]
 714 [21 16] [34 9] [17 33] [20 38] [16 1] [29 12] [22 10] [19 22] [19 27] [28 37] [26 28] [26 21] [21 0] [22 5] [17 7] [33 18] [28 7] [29 2] [34 2] [22 33]
 715 [29 33] [27 22] [20 13] [27 12] [25 6] [20 7] [32 10] [26 1] [23 38] [19 23] [29 27] [26 17] [16 31] [18 1] [15 11] [33 17] [21 28] [16 37] [31 2] [22 33]
 717 [26 0] [26 14] [18 7] [16 32] [19 12] [28 33] [17 26] [23 39] [32 18] [18 37] [23 34] [23 29] [16 20] [23 24] [34 3] [32 9] [29 27] [17 2] [21 18] [26 7]
 716 [32 18] [21 6] [21 35] [22 1] [34 7] [15 18] [27 14] [17 0] [21 15] [26 28] [24 22] [15 34] [17 23] [28 5] [31 0] [28 39] [29 23] [20 29] [26 34] [34 12]
 719 [22 21] [25 7] [28 39] [17 29] [16 10] [17 23] [34 16] [20 34] [16 17] [21 12] [21 39] [34 7] [27 1] [27 31] [22 28] [29 20] [28 26] [32 0] [27 13] [18 4]
 718 [16 2] [15 18] [28 5] [28 12] [20 21] [16 8] [28 39] [27 0] [25 19] [23 39] [21 1] [16 38] [29 26] [33 14] [21 12] [33 9] [25 34] [34 3] [21 7] [20 28]
 720 [18 26] [31 10] [32 3] [27 17] [25 7] [20 20] [20 39] [20 32] [26 37] [32 15] [19 14] [16 8] [15 21] [17 2] [25 1] [27 28] [28 22] [25 12] [15 34] [15 39]
 721 [19 34] [21 39] [31 7] [15 9] [20 9] [21 17] [26 6] [20 22] [26 18] [29 0] [15 21] [34 1] [20 28] [18 1] [23 1] [26 13] [32 13] [16 39] [15 28] [32 18]
 722 [18 38] [33 1] [0 22] [27 8] [34 11] [34 6] [17 17] [15 31] [22 17] [15 23] [28 14] [6 18] [21 1] [21 24] [16 4] [22 10] [27 3] [15 11] [20 33] [34 18]
 725 [21 37] [15 35] [21 32] [22 13] [23 18] [23 8] [15 8] [21 23] [34 4] [34 9] [17 16] [16 30] [34 16] [1 21] [28 14] [21 2] [29 3] [28 8] [16 24] [16 3]
 724 [32 14] [11 29] [22 7] [21 32] [31 2] [29 9] [24 16] [36 1] [24 0] [16 31] [15 23] [20 26] [19 12] [8 35] [6 21] [17 5] [18 18] [17 0] [17 38] [34 9]
 723 [29 13] [16 2] [6 20] [18 8] [18 30] [25 7] [19 25] [34 12] [27 0] [4 25] [15 15] [31 18] [17 20] [34 6] [22 0] [24 16] [15 37] [9 0] [20 35] [33 0]
 727 [21 35] [26 6] [33 5] [23 17] [34 10] [21 23] [30 18] [31 0] [15 12] [39 16] [4 21] [26 1] [21 12] [15 39] [15 24] [18 18] [18 30] [28 12] [0 6] [17 4]
 728 [24 15] [15 22] [30 18] [29 12] [34 5] [21 38] [5 15] [17 17] [28 7] [12 0] [23 4] [16 37] [15 28] [16 8] [23 9] [17 0] [21 31] [31 0] [21 22] [34 10]
 726 [16 21] [1 8] [1 17] [22 6] [33 16] [34 6] [33 11] [17 4] [29 6] [21 21] [16 16] [0 38] [15 29] [17 10] [22 1] [19 38] [30 0] [20 29] [27 18] [25 13]
 729 [25 16] [19 10] [2 25] [26 11] [20 24] [16 37] [33 8] [8 24] [20 19] [20 32] [34 17] [15 22] [10 6] [23 2] [32 2] [15 28] [1 19] [21 37] [18 3] [15 16]
 730 [20 29] [21 23] [15 17] [33 17] [25 11] [15 38] [24 0] [15 32] [32 3] [16 23] [20 16] [20 35] [18 1] [30 10] [28 16] [23 6] [0 15] [20 11] [15 10] [8 18]
 731 [12 27] [22 16] [16 18] [0 4] [5 3] [28 4] [16 13] [34 16] [34 11] [7 36] [28 9] [34 3] [18 6] [16 1] [23 11] [8 14] [5 21] [21 0] [23 6] [28 16]
 734 [16 17] [24 11] [18 3] [3 10] [0 16] [33 2] [24 6] [25 18] [23 1] [8 29] [13 11] [7 19] [8 8] [10 2] [31 9] [18 9] [7 34] [28 0] [0 4] [30 17]
 732 [5 8] [24 15] [5 22] [39 12] [11 29] [1 15] [18 10] [0 4] [15 3] [3 37] [6 32] [27 9] [20 1] [26 1] [34 2] [11 22] [32 7] [17 17] [10 13] [33 15]
 733 [18 12] [26 0] [21 0] [16 2] [33 10] [19 18] [31 16] [12 32] [25 14] [36 17] [3 22] [5 3] [16 7] [8 25] [31 3] [0 5] [6 13] [12 13] [28 9] [22 5]
 736 [9 27] [30 2] [7 21] [18 10] [24 10] [15 16] [7 7] [34 16] [5 34] [13 35] [21 3] [8 1] [7 13] [39 1] [32 7] [29 15] [1 25] [15 4] [20 15] [0 8]
 735 [11 0] [29 3] [16 0] [23 15] [4 17] [11 27] [17 15] [34 3] [28 18] [23 10] [21 4] [0 37] [13 34] [34 16] [8 8] [16 8] [32 10] [5 29] [2 8] [3 0]
 737 [19 2] [27 12] [0 6] [22 17] [7 27] [15 17] [6 13] [10 34] [28 18] [19 10] [29 7] [1 29] [33 12] [34 3] [33 18] [7 7] [28 1] [24 7] [0 19] [13 23]
 738 [3 5] [28 0] [23 2] [29 18] [15 4] [33 11] [4 25] [10 34] [4 0] [34 0] [7 10] [0 32] [22 15] [19 9] [34 18] [16 16] [2 18] [25 9] [9 23] [33 6]
 739 [24 10] [8 22] [28 17] [10 34] [3 6] [13 15] [29 10] [1 21] [33 17] [16 2] [33 4] [28 3] [0 34] [23 4] [2 1] [19 9] [34 12] [19 15] [0 39] [9 8]
 741 [35 16] [23 17] [17 5] [0 2] [30 16] [18 10] [37 7] [34 0] [39 1] [24 8] [11 9] [16 0] [8 3] [23 2] [7 16] [1 15] [28 0] [6 11] [30 7] [16 17]
 742 [5 8] [16 12] [29 11] [16 7] [18 0] [27 5] [3 33] [4 17] [24 0] [15 17] [34 10] [26 17] [32 5] [21 17] [31 18] [21 12] [34 0] [21 7] [1 3] [29 0]
 744 [22 6] [19 17] [24 17] [0 28] [11 16] [17 6] [31 16] [2 34] [37 16] [23 0] [29 9] [28 2] [7 7] [24 11] [34 4] [16 11] [34 10] [18 0] [1 14] [3 20]
 740 [16 4] [16 15] [10 35] [12 28] [21 17] [2 20] [30 16] [28 1] [19 10] [0 38] [30 11] [2 1] [24 10] [11 9] [6 7] [22 3] [1 12] [36 13] [34 0] [32 6]
 745 [15 7] [28 14] [20 2] [18 17] [33 0] [0 38] [4 8] [1 22] [25 8] [7 3] [33 9] [23 14] [2 0] [15 2] [5 17] [11 12] [20 7] [34 17] [25 3] [16 12]
 743 [5 16] [28 17] [0 26] [8 7] [4 33] [28 2] [10 15] [0 9] [15 14] [16 9] [5 0] [38 15] [33 16] [23 8] [31 8] [21 14] [33 2] [2 21] [3 39] [19 1]
 746 [19 17] [39 1] [34 9] [2 25] [15 0] [6 2] [23 11] [20 0] [6 10] [25 0] [12 16] [30 14] [15 5] [17 12] [4 16] [22 5] [24 16] [28 7] [0 31] [33 2]
 747 [22 0] [8 7] [24 17] [34 16] [17 7] [36 2] [30 8] [22 12] [29 15] [3 11] [1 27] [17 1] [5 17] [11 15] [3 35] [23 6] [19 18] [31 2] [37 10] [16 12]
 748 [27 8] [3 28] [32 4] [26 1] [23 15] [6 11] [5 20] [0 10] [3 2] [33 11] [39 16] [18 13] [21 8] [17 18] [29 17] [16 8] [19 3] [34 17] [3 36] [9 0]
 749 [34 8] [5 33] [28 16] [33 18] [27 0] [5 13] [10 13] [34 0] [9 3] [22 17] [22 0] [0 13] [0 19] [33 13] [2 2] [27 8] [22 5] [15 4] [15 17] [18 11]
 750 [16 15] [21 12] [16 4] [29 13] [34 10] [10 18] [34 17] [29 2] [8 3] [5 17] [15 9] [34 1] [22 7] [2 38] [0 33] [3 23] [29 18] [23 0] [24 18] [28 7]
 751
 753
 752
 754
 755
 756
 757
 758
 761
 759
 760
 762
 763
 764
 765
 766
 767
 768
 769
 770
 771
 772
 774
 773
 775
 776
 777
 778
 779
 780
 781
 782
 783
 784
 785
 786
 787
 788
 789
 791
 792
 790
 793
 794
 795
 796
 797
 798
 799
 802 [30 26] [20 24] [34 0] [34 18] [24 12]
 800
 801 [24 20] [29 7] [29 14] [34 22] [30 30]
 803 [26 24] [25 38] [22 3] [30 1] [31 24]
 804 [19 3] [27 30] [33 28] [33 0] [29 15]
 806 [18 39] [28 26] [29 10] [22 16] [27 20]
 805 [24 23] [29 34] [31 15] [34 36] [32 29]
 807 [27 1] [28 30] [26 36] [22 8] [27 7]
 808 [31 19] [21 11] [28 37] [31 11] [24 26]
 810 [21 12] [28 36] [33 4] [32 28] [28 18]
 809 [21 39] [30 23] [32 35] [30 9] [26 18]
 811 [31 3] [34 18] [27 29] [25 34] [22 26]
 812 [22 20] [27 38] [22 34] [33 17] [27 27]
 813 [26 17] [18 2] [28 38] [27 4] [32 4]
 815 [27 38] [30 13] [24 30] [19 24] [24 25]
 814 [28 23] [30 6] [29 37] [20 31] [34 11]
 816 [25 13] [27 37] [32 14] [23 19] [28 27]
 817 [24 20] [25 35] [29 27] [27 1] [28 8]
 819 [19 8] [15 30] [24 38] [26 9] [22 16]
 818 [17 39] [34 15] [28 18] [31 5] [23 22]
 820 [24 20] [23 28] [28 28] [32 0] [29 6]
 821 [27 1] [30 11] [32 3] [16 0] [21 31]
 823 [33 7] [20 20] [19 29] [26 0] [34 17]
 822 [22 12] [26 3] [34 5] [29 9] [28 17]
 825 [29 5] [21 15] [19 20] [21 29] [34 5]
 824 [18 7] [29 5] [33 13] [30 0] [16 12]
 826 [20 2] [32 4] [27 1] [18 7] [28 13]
 827 [30 11] [22 12] [32 3] [17 8] [19 3]
 828 [19 6] [29 0] [24 0] [31 6] [29 12]
 829 [29 1] [20 6] [21 34] [29 9] [25 14]
 831 [34 8] [24 0] [33 18] [24 17] [17 9]
 830 [30 11] [25 16] [20 23] [18 11] [27 2]
 832 [19 14] [34 10] [30 18] [24 0] [32 1]
 833 [22 2] [32 9] [32 17] [32 1] [23 7]
 834 [26 15] [24 8] [23 0] [30 8] [33 13]
 835 [24 12] [31 9] [31 1] [18 14] [23 0]
 836 [34 15] [24 10] [21 17] [18 12] [27 2]
 837 [25 7] [16 15] [34 18] [31 11] [20 6]
 839 [33 4] [20 7] [26 2] [28 9] [30 18]
 841 [25 5] [16 7] [24 12] [33 1] [23 18]
 838 [31 5] [25 9] [19 12] [22 4] [34 16]
 840 [29 10] [28 3] [20 17] [33 15] [33 3]
 842 [18 10] [18 4] [25 1] [30 7] [26 14]
 843 [21 1] [33 0] [28 9] [32 14] [24 18]
 844 [21 4] [22 9] [26 4] [34 12] [32 6]
 845 [22 1] [22 14] [34 10] [34 5] [28 14]
 846 [28 15] [34 5] [34 15] [27 2] [16 15]
 847 [25 17] [29 1] [19 6] [31 7] [24 4]
 848 [32 5] [27 14] [34 12] [34 0] [21 1]
 849 [29 12] [33 5] [31 0] [24 12] [34 14]
 850 [21 1] [21 17] [33 0] [20 9] [27 0]
 851 [34 11] [28 25] [24 1] [30 36] [29 11] [17 30] [34 30] [33 0] [33 22] [21 7]
 852 [28 23] [33 21] [20 4] [32 15] [33 32] [21 14] [30 37] [21 26] [23 35] [27 8]
 853 [32 29] [27 27] [30 35] [25 21] [26 2] [23 7] [29 15] [34 17] [22 16] [20 36]
 854 [29 20] [32 28] [33 3] [21 17] [25 0] [32 39] [31 11] [26 25] [17 23] [34 19]
 855 [28 39] [22 2] [31 21] [28 30] [34 28] [32 10] [30 4] [21 29] [17 1] [24 24]
 856 [27 34] [32 3] [26 19] [18 16] [27 10] [21 39] [21 4] [19 24] [32 31] [34 24]
 857 [31 4] [34 39] [26 20] [29 39] [33 29] [26 2] [31 20] [30 13] [28 33] [16 20]
 858 [21 38] [25 9] [21 28] [23 4] [34 10] [27 15] [28 4] [29 34] [34 30] [26 23]
 859 [20 18] [33 23] [30 16] [23 38] [34 10] [30 37] [24 12] [28 7] [31 29] [17 2]
 860 [31 5] [28 13] [22 14] [33 23] [21 6] [27 30] [33 11] [32 34] [26 2] [28 22]
 861 [18 26] [26 37] [34 10] [20 6] [25 31] [28 19] [29 13] [26 24] [30 0] [29 7]
 862 [31 6] [20 19] [24 9] [29 20] [29 27] [28 33] [19 38] [15 29] [30 14] [26 38]
 866 [25 17] [25 37] [33 12] [30 17] [26 29] [22 11] [31 2] [20 26] [27 7] [15 31]
 863 [19 15] [24 35] [33 17] [25 9] [29 26] [25 20] [29 3] [19 20] [34 1] [32 8]
 864 [30 11] [22 19] [28 24] [23 8] [24 0] [34 6] [29 35] [32 1] [19 0] [28 19]
 865 [32 17] [24 25] [25 39] [32 1] [25 33] [19 19] [27 5] [21 1] [30 11] [29 23]
 868 [21 7] [28 31] [22 37] [28 14] [29 2] [26 21] [28 26] [29 9] [18 28] [20 23]
 867 [25 19] [20 5] [34 7] [27 38] [31 0] [26 3] [34 13] [28 11] [21 39] [28 29]
 870 [29 39] [34 1] [29 27] [18 19] [18 4] [25 1] [24 8] [28 15] [24 29] [30 7]
 869 [18 27] [29 23] [21 1] [30 3] [24 13] [21 20] [31 13] [32 18] [27 32] [33 8]
 871 [20 38] [25 7] [19 18] [27 16] [21 12] [33 2] [20 5] [33 18] [33 11] [23 0]
 872 [29 7] [30 0] [21 4] [31 18] [19 37] [31 12] [18 29] [19 9] [23 15] [18 19]
 873 [31 14] [20 27] [16 22] [25 9] [18 8] [20 39] [32 1] [23 17] [21 1] [34 9]
 874 [23 10] [21 25] [15 37] [32 11] [22 4] [23 18] [20 33] [15 26] [18 18] [31 2]
 875 [19 25] [21 6] [25 1] [34 0] [34 7] [20 1] [16 13] [25 12] [29 6] [34 14]
 876 [17 12] [20 32] [24 10] [34 11] [27 0] [19 0] [32 18] [30 6] [16 38] [26 18]
 877 [20 37] [33 1] [17 13] [24 11] [31 6] [18 29] [24 16] [28 0] [32 15] [23 2]
 878 [27 12] [34 18] [16 10] [27 0] [22 4] [25 17] [29 7] [15 36] [34 2] [15 20]
 879 [21 20] [25 12] [17 3] [16 17] [30 13] [31 7] [26 4] [17 9] [18 33] [27 18]
 880 [17 30] [32 11] [18 18] [19 39] [33 4] [26 13] [19 13] [20 3] [31 16] [18 23]
 882 [29 1] [28 11] [27 18] [27 6] [22 9] [33 14] [34 0] [34 6] [20 1] [21 16]
 881 [33 4] [22 18] [33 18] [27 18] [24 11] [28 0] [16 6] [19 12] [26 6] [31 10]
 883 [21 0] [34 7] [28 18] [28 13] [17 8] [34 16] [29 3] [16 1] [21 15] [22 7]
 885 [32 17] [23 5] [31 12] [15 4] [27 17] [29 2] [22 11] [31 7] [21 16] [16 16]
 886 [32 7] [31 1] [31 13] [18 5] [26 1] [26 13] [18 0] [27 6] [20 10] [30 18]
 884 [22 11] [26 1] [23 17] [34 17] [24 6] [18 4] [34 0] [30 7] [29 17] [29 12]
 887 [32 17] [33 2] [33 9] [19 11] [18 6] [22 1] [27 17] [28 1] [26 9] [22 16]
 888 [33 5] [28 10] [18 3] [21 10] [27 2] [33 11] [16 10] [21 15] [27 18] [33 16]
 889 [34 5] [23 1] [28 12] [25 18] [33 18] [23 6] [17 8] [17 1] [22 12] [29 3]
 890 [29 12] [18 1] [34 0] [19 17] [32 5] [28 18] [26 1] [34 13] [18 6] [24 12]
 891 [29 0] [33 16] [28 16] [30 7] [18 2] [25 9] [34 1] [24 4] [22 15] [17 9]
 892 [22 4] [34 8] [33 13] [15 10] [26 15] [17 17] [33 2] [31 18] [27 9] [27 4]
 893 [22 8] [26 2] [25 16] [31 4] [20 13] [29 9] [34 9] [15 6] [31 14] [20 0]
 894 [19 3] [30 0] [34 6] [27 7] [18 8] [17 18] [34 17] [19 13] [34 11] [27 17]
 895 [24 18] [19 17] [34 6] [25 11] [31 11] [23 6] [34 1] [32 16] [17 5] [29 5]
 896 [34 16] [17 8] [19 3] [25 5] [20 15] [33 9] [33 1] [27 17] [28 10] [25 0]
 897 [33 5] [33 10] [19 7] [34 0] [26 1] [24 9] [33 15] [15 0] [17 14] [26 14]
 898 [28 0] [26 6] [23 1] [24 16] [34 4] [17 0] [19 15] [19 9] [31 10] [33 18]
 899 [32 10] [25 11] [19 0] [18 17] [24 4] [19 6] [16 11] [23 18] [32 16] [30 3]
 900 [32 6] [22 8] [17 14] [17 9] [19 3] [33 1] [26 14] [31 14] [27 9] [26 3]
 901 [21 34] [19 25] [15 7] [32 38] [24 7] [25 1] [20 16] [25 22] [27 16] [32 19] [33 26] [30 7] [31 2] [16 37] [27 32]
 902 [30 26] [19 38] [17 26] [30 38] [25 22] [28 4] [21 11] [24 31] [34 2] [33 7] [31 21] [20 19] [33 12] [20 3] [27 12]
 903 [17 13] [27 19] [17 37] [16 26] [32 4] [26 27] [32 15] [34 22] [29 37] [22 22] [17 5] [22 33] [31 29] [21 0] [28 10]
 904 [32 26] [26 32] [26 27] [18 38] [21 27] [16 29] [23 14] [29 3] [29 8] [32 20] [32 15] [24 9] [34 8] [29 38] [21 1]
 905 [34 6] [30 25] [32 17] [24 16] [20 24] [33 31] [26 1] [22 10] [23 31] [31 1] [30 38] [27 7] [23 39] [33 12] [28 33]
 906 [32 10] [33 30] [32 15] [18 24] [25 9] [20 0] [31 23] [26 3] [25 14] [32 37] [24 39] [25 28] [33 0] [23 33] [34 5]
 907 [27 16] [24 4] [17 21] [34 29] [32 12] [32 4] [28 37] [34 35] [19 8] [31 22] [32 17] [21 16] [23 34] [24 10] [23 29]
 908 [30 13] [29 28] [21 19] [17 3] [34 18] [26 23] [24 11] [22 39] [17 39] [21 27] [29 2] [15 29] [30 34] [28 18] [32 8]
 909 [23 38] [23 10] [25 20] [33 18] [28 39] [20 23] [30 29] [34 24] [34 37] [25 29] [29 13] [25 3] [34 3] [34 8] [20 4]
 912 [26 22] [20 26] [24 12] [24 4] [34 17] [16 16] [27 31] [24 17] [27 37] [31 11] [18 1] [18 21] [29 16] [30 4] [19 35]
 911 [28 15] [33 13] [33 5] [22 17] [21 37] [34 0] [28 4] [24 9] [25 27] [20 0] [28 20] [20 28] [28 33] [16 20] [22 22]
 910 [32 39] [21 13] [23 0] [21 24] [15 16] [17 30] [27 9] [33 33] [28 34] [32 10] [22 19] [32 2] [22 38] [30 26] [32 20]
 913 [30 1] [20 17] [24 25] [25 3] [15 19] [18 31] [19 9] [26 35] [28 11] [34 17] [30 6] [17 37] [20 4] [34 11] [28 16]
 914 [33 11] [24 8] [20 39] [20 20] [29 20] [29 25] [28 33] [22 26] [19 1] [26 0] [34 16] [31 6] [28 14] [19 32] [19 10]
 915 [18 5] [25 12] [19 10] [15 0] [20 36] [22 29] [25 6] [21 23] [21 18] [28 27] [27 38] [16 20] [30 13] [31 4] [27 32]
 916 [23 38] [27 22] [25 12] [22 1] [29 35] [22 22] [33 10] [28 30] [26 17] [20 14] [27 0] [34 3] [22 27] [17 39] [28 7]
 917 [26 2] [27 21] [23 30] [16 8] [32 16] [33 10] [19 25] [27 13] [32 3] [21 7] [22 14] [27 7] [28 30] [29 39] [24 36]
 918 [28 30] [31 4] [18 24] [29 38] [28 25] [23 28] [18 31] [28 13] [19 38] [24 19] [21 5] [23 12] [33 13] [26 6] [29 20]
 919 [30 16] [33 10] [22 1] [29 32] [21 25] [25 16] [29 4] [29 25] [24 31] [19 15] [18 36] [34 4] [19 10] [24 8] [25 38]
 920 [27 15] [22 13] [18 19] [27 23] [28 7] [18 1] [19 24] [23 8] [17 37] [18 31] [24 32] [26 0] [34 5] [32 0] [33 17]
 921 [17 13] [19 1] [21 28] [34 4] [20 7] [25 9] [20 39] [33 17] [22 14] [19 22] [28 17] [27 2] [34 12] [18 33] [15 7]
 923 [17 32] [33 18] [26 17] [33 8] [17 39] [26 5] [22 12] [21 21] [28 10] [20 7] [15 23] [26 0] [33 3] [20 27] [18 1]
 922 [31 0] [19 36] [17 4] [18 13] [19 31] [24 8] [30 15] [11 34] [11 10] [25 3] [15 25] [19 20] [23 14] [21 26] [31 7]
 924 [33 14] [34 0] [28 9] [16 8] [19 22] [16 1] [34 9] [18 35] [17 14] [24 15] [19 28] [1 24] [29 0] [21 2] [21 7]
 926 [19 29] [20 0] [26 17] [33 0] [31 8] [24 10] [15 23] [18 11] [27 1] [15 1] [18 18] [19 35] [20 24] [33 16] [19 6]
 925 [21 26] [19 20] [17 34] [20 39] [29 10] [34 8] [21 6] [33 1] [28 17] [23 11] [33 15] [15 25] [27 2] [16 14] [20 0]
 927 [28 9] [17 22] [32 2] [26 14] [15 36] [23 7] [18 12] [20 2] [34 7] [33 17] [27 1] [20 33] [20 28] [18 17] [34 12]
 929 [16 30] [32 17] [27 0] [19 12] [15 4] [16 24] [20 19] [23 7] [25 17] [33 7] [32 1] [17 37] [34 12] [27 12] [21 26]
 928 [32 6] [33 0] [21 30] [16 18] [21 19] [25 0] [34 13] [32 18] [26 16] [20 1] [18 11] [27 5] [19 35] [18 25] [24 10]
 930 [33 7] [27 2] [19 3] [28 15] [33 2] [23 13] [22 18] [21 34] [33 14] [20 29] [24 8] [16 19] [15 39] [17 24] [18 13]
 931 [18 9] [12 15] [17 17] [16 2] [32 10] [23 14] [33 15] [31 0] [11 10] [26 8] [33 5] [4 6] [24 1] [2 11] [28 16]
 932 [6 22] [23 15] [1 37] [20 0] [26 9] [11 38] [34 4] [16 11] [33 10] [15 4] [21 10] [20 5] [18 17] [29 2] [32 16]
 934 [24 13] [19 17] [24 0] [28 18] [13 0] [19 0] [15 7] [19 12] [5 18] [29 10] [31 3] [34 14] [22 7] [6 2] [34 9]
 933 [10 4] [19 10] [19 3] [11 10] [24 6] [3 10] [31 4] [10 39] [7 15] [25 18] [19 15] [25 11] [32 16] [30 10] [25 0]
 935 [15 15] [32 15] [16 3] [0 22] [28 3] [22 0] [1 39] [21 5] [8 3] [23 14] [33 1] [31 9] [16 10] [26 9] [8 13]
 937 [23 13] [18 0] [19 6] [15 18] [31 3] [3 32] [24 3] [31 14] [24 8] [23 18] [8 1] [29 9] [34 8] [8 37] [17 13]
 936 [13 27] [34 15] [16 7] [0 31] [25 0] [32 1] [12 35] [27 15] [9 21] [33 9] [19 14] [25 5] [2 16] [24 10] [19 2]
 938 [18 15] [32 18] [17 5] [28 12] [16 0] [33 10] [12 13] [10 39] [23 17] [23 1] [19 10] [5 2] [0 27] [31 4] [26 6]
 939 [28 10] [23 7] [34 1] [17 17] [28 2] [15 12] [20 1] [32 17] [15 1] [17 6] [27 16] [20 12] [34 6] [34 11] [22 17]
 940 [2 6] [26 4] [20 13] [5 30] [33 0] [15 12] [28 16] [9 15] [19 1] [15 17] [21 18] [25 11] [18 7] [31 6] [33 15]
 941 [20 18] [19 0] [15 10] [15 5] [20 9] [0 6] [28 7] [15 18] [33 11] [34 0] [27 2] [34 18] [26 14] [33 6] [9 13]
 942 [9 18] [30 16] [33 9] [28 6] [15 9] [15 15] [34 4] [27 1] [22 3] [28 11] [38 15] [21 9] [17 4] [20 17] [25 16]
 943 [20 12] [15 12] [15 6] [22 6] [4 11] [25 11] [32 7] [34 18] [25 0] [25 16] [30 2] [17 18] [33 13] [19 1] [9 9]
 945 [25 5] [19 7] [18 12] [7 13] [2 13] [19 18] [23 0] [31 13] [8 5] [33 6] [28 0] [24 14] [18 1] [34 1] [33 18]
 944 [27 1] [21 2] [15 7] [19 12] [21 17] [33 11] [26 17] [20 7] [27 6] [1 35] [28 12] [33 3] [15 17] [31 17] [16 1]
 947 [3 30] [15 7] [34 11] [34 17] [33 0] [15 16] [29 8] [19 0] [26 16] [20 13] [20 7] [34 5] [21 18] [0 35] [24 0]
 946 [29 0] [25 16] [15 17] [27 7] [3 0] [34 9] [3 30] [30 14] [20 16] [16 11] [0 39] [23 2] [21 10] [34 1] [16 2]
 948 [26 8] [5 16] [24 13] [18 8] [28 0] [15 3] [31 7] [39 7] [8 11] [19 15] [33 0] [30 16] [4 6] [25 18] [21 3]
 950 [16 12] [11 4] [18 18] [16 7] [29 1] [33 16] [29 6] [34 10] [18 2] [24 3] [29 11] [27 16] [21 12] [34 4] [7 11]
 949 [4 28] [33 10] [27 10] [22 0] [15 13] [0 13] [39 15] [20 12] [25 5] [17 18] [25 17] [31 3] [16 0] [18 6] [32 15]
 951 [33 25] [18 14] [15 26] [25 6] [21 19] [15 7] [27 25] [18 2] [28 0] [34 39] [34 17] [29 38] [34 1] [29 30] [27 18] [21 34] [16 21] [31 7] [32 12] [26 11]
 952 [22 27] [27 0] [23 17] [28 37] [34 16] [25 22] [33 37] [33 31] [34 8] [28 11] [32 3] [34 24] [28 16] [16 17] [21 34] [21 12] [28 28] [18 2] [18 7] [20 39]
 953 [30 6] [19 4] [22 11] [32 24] [15 34] [33 38] [27 28] [24 3] [34 29] [32 18] [25 19] [19 18] [17 23] [25 39] [16 39] [23 34] [28 12] [34 13] [22 24] [31 0]
 954 [34 5] [31 10] [24 7] [22 32] [28 27] [23 39] [23 16] [19 27] [17 32] [26 0] [30 39] [34 26] [32 0] [19 4] [31 34] [18 11] [30 18] [25 22] [18 20] [18 37]
 955 [16 38] [21 39] [25 3] [27 36] [19 2] [30 26] [32 1] [19 33] [33 33] [31 20] [17 17] [24 31] [25 15] [19 11] [33 39] [30 11] [25 9] [31 6] [25 20] [21 26]
 956 [26 24] [30 13] [25 5] [32 0] [24 0] [25 11] [16 23] [25 37] [19 37] [18 10] [18 15] [31 21] [25 30] [16 32] [17 5] [32 28] [33 6] [31 36] [24 18] [21 25]
 957 [34 10] [31 24] [29 2] [34 19] [29 7] [27 14] [20 1] [24 36] [33 30] [25 30] [16 20] [26 23] [22 11] [18 37] [17 31] [34 2] [31 36] [22 6] [21 20] [15 15]
 958 [25 36] [24 9] [18 1] [25 29] [15 36] [29 18] [34 6] [20 25] [28 3] [34 18] [32 11] [24 19] [34 0] [17 14] [23 4] [34 33] [32 24] [20 38] [34 38] [17 9]
 959 [34 12] [28 34] [33 6] [18 11] [21 39] [21 26] [27 28] [33 30] [22 6] [20 31] [26 39] [34 36] [27 9] [33 22] [27 23] [17 19] [24 14] [29 17] [27 4] [34 1]
 962 [17 38] [23 15] [33 16] [17 10] [18 28] [28 8] [31 3] [25 3] [15 15] [33 9] [20 2] [22 10] [28 29] [22 38] [19 22] [25 24] [29 35] [19 33] [28 14] [28 19]
 960 [34 10] [18 3] [25 30] [28 36] [33 19] [26 0] [15 27] [26 23] [15 20] [25 9] [18 9] [19 32] [23 17] [17 39] [18 15] [34 35] [28 17] [31 27] [21 24] [33 4]
 963 [32 12] [20 15] [32 7] [16 26] [15 16] [28 38] [29 23] [27 9] [32 18] [20 20] [19 38] [26 18] [28 2] [17 6] [17 33] [23 32] [34 0] [23 3] [24 26] [28 32]
 961 [22 12] [18 21] [26 34] [25 1] [33 9] [30 17] [21 7] [28 29] [15 2] [15 27] [15 12] [25 39] [19 35] [15 7] [26 22] [28 9] [24 17] [20 2] [20 30] [34 2]
 964 [15 7] [20 36] [20 17] [21 28] [19 12] [27 33] [31 2] [23 7] [16 1] [18 22] [26 17] [16 28] [33 16] [28 28] [25 39] [34 8] [26 23] [28 11] [21 2] [26 1]
 965 [31 6] [28 11] [21 0] [22 25] [34 16] [34 11] [21 19] [29 25] [29 31] [31 0] [22 30] [16 16] [23 11] [16 5] [26 19] [21 6] [16 31] [26 0] [17 38] [26 37]
 966 [18 28] [33 18] [17 34] [33 13] [16 7] [29 32] [19 39] [17 15] [28 2] [23 0] [24 32] [18 0] [21 20] [16 23] [25 27] [26 39] [27 9] [22 7] [33 4] [27 18]
 967 [26 24] [24 13] [34 8] [19 14] [27 5] [29 30] [22 7] [16 7] [32 2] [33 18] [20 32] [25 38] [29 11] [17 39] [27 0] [28 19] [34 13] [20 1] [18 27] [19 20]
 970 [25 8] [17 34] [16 27] [28 14] [30 1] [23 29] [28 26] [33 13] [23 3] [22 37] [17 16] [19 11] [27 21] [30 8] [22 18] [15 21] [29 33] [16 4] [29 38] [34 18]
 969 [19 39] [33 18] [15 20] [28 27] [31 8] [24 13] [23 8] [22 22] [27 33] [33 3] [17 5] [28 20] [33 13] [24 38] [29 38] [18 11] [24 2] [21 29] [16 25] [15 31]
 971 [16 37] [8 5] [18 24] [16 6] [17 29] [23 2] [23 8] [34 18] [34 11] [2 22] [18 1] [8 12] [34 4] [19 13] [17 18] [28 12] [29 18] [29 4] [23 18] [21 37]
 968 [25 10] [17 7] [20 38] [15 26] [24 18] [27 35] [19 21] [15 32] [34 13] [20 26] [29 15] [26 3] [34 18] [26 29] [21 1] [20 32] [18 12] [33 4] [29 20] [15 0]
 972 [3 10] [20 35] [6 17] [21 28] [15 36] [17 9] [15 28] [30 2] [22 14] [19 23] [22 2] [11 17] [26 9] [16 3] [32 15] [4 0] [16 14] [27 17] [6 37] [32 7]
 973 [25 1] [17 24] [15 2] [1 6] [15 32] [15 19] [20 0] [26 14] [17 38] [30 8] [7 24] [33 0] [33 14] [20 18] [6 7] [20 5] [25 9] [15 8] [19 13] [20 31]
 974 [20 33] [31 17] [8 38] [25 17] [23 4] [34 2] [33 12] [21 26] [15 26] [15 32] [28 12] [16 6] [16 16] [17 0] [19 38] [17 21] [34 7] [22 12] [29 4] [16 11]
 975 [2 35] [15 7] [9 12] [16 2] [22 10] [21 29] [8 34] [34 8] [23 5] [29 10] [16 12] [18 19] [27 17] [15 31] [30 1] [22 0] [33 17] [20 36] [17 24] [15 38]
 976 [27 16] [32 3] [32 16] [18 28] [21 2] [9 14] [16 0] [15 37] [15 6] [21 18] [12 24] [26 7] [5 9] [21 39] [26 1] [19 11] [21 34] [15 18] [31 11] [19 23]
 977 [32 0] [6 9] [20 1] [19 9] [19 16] [32 6] [17 34] [27 9] [16 39] [16 21] [26 14] [34 11] [15 2] [18 26] [34 17] [21 39] [7 36] [0 32] [25 1] [21 21]
 978 [0 6] [34 7] [15 19] [18 31] [34 12] [31 18] [28 13] [15 2] [19 11] [26 8] [20 3] [14 24] [9 11] [26 0] [33 0] [17 38] [26 18] [19 25] [2 25] [20 17]
 979 [18 31] [27 5] [24 15] [33 12] [0 19] [8 12] [20 39] [15 36] [27 0] [26 10] [33 4] [10 21] [18 15] [19 8] [31 17] [39 9] [22 2] [15 3] [18 24] [0 6]
 980 [23 6] [29 2] [19 38] [15 27] [21 20] [32 18] [1 14] [31 12] [20 26] [24 1] [0 3] [15 18] [9 22] [19 12] [18 32] [16 3] [12 33] [34 0] [26 14] [30 7]
 981 [23 16] [8 39] [34 16] [32 4] [23 2] [16 10] [0 34] [39 2] [18 1] [27 7] [11 0] [28 12] [29 17] [0 20] [6 8] [15 17] [1 25] [22 9] [9 34] [34 10]
 982 [27 0] [12 22] [34 15] [4 14] [11 9] [27 16] [10 31] [32 3] [9 2] [22 0] [23 9] [22 15] [16 16] [39 1] [0 28] [32 10] [16 0] [16 7] [9 38] [2 9]
 983 [29 2] [0 34] [15 0] [10 12] [19 12] [24 6] [34 5] [34 0] [29 17] [24 15] [32 10] [15 17] [1 20] [34 15] [10 28] [24 0] [18 6] [5 31] [9 4] [13 34]
 984 [19 4] [39 7] [12 18] [13 4] [34 13] [28 13] [1 38] [0 33] [27 2] [17 14] [9 30] [22 10] [0 9] [32 1] [33 6] [7 21] [31 18] [17 9] [27 8] [23 17]
 986 [1 36] [32 16] [26 8] [38 12] [1 26] [18 3] [1 6] [31 9] [12 17] [37 17] [24 0] [2 17] [24 17] [21 9] [9 36] [16 8] [2 12] [9 25] [19 14] [31 2]
 987 [39 9] [17 7] [8 1] [16 15] [26 0] [10 9] [6 30] [33 8] [6 38] [30 14] [28 5] [11 34] [0 33] [24 16] [34 0] [5 19] [4 13] [4 7] [25 10] [19 1]
 985 [7 15] [5 2] [20 10] [27 0] [11 34] [2 11] [0 27] [34 17] [6 24] [21 4] [15 10] [33 6] [13 29] [34 0] [15 4] [34 12] [18 15] [27 5] [26 14] [6 33]
 988 [33 10] [26 4] [32 15] [10 22] [26 13] [7 4] [32 2] [8 32] [2 15] [18 15] [27 18] [4 21] [4 27] [0 8] [20 3] [2 33] [15 10] [15 0] [20 9] [15 5]
 989 [3 19] [30 15] [16 9] [5 36] [0 2] [23 14] [9 4] [18 18] [20 0] [8 18] [13 14] [26 2] [30 7] [3 12] [6 25] [34 1] [24 7] [15 2] [11 25] [36 17]
 990 [5 10] [33 7] [9 4] [2 21] [4 29] [18 5] [25 9] [0 39] [18 15] [24 2] [24 16] [1 15] [33 2] [19 0] [10 12] [3 5] [12 20] [16 10] [13 26] [31 15]
 991 [0 7] [25 15] [39 12] [4 14] [12 2] [34 6] [34 17] [2 19] [2 27] [32 12] [17 2] [23 10] [26 4] [3 33] [17 7] [6 0] [16 15] [7 8] [31 1] [10 14]
 992 [26 18] [34 15] [0 7] [20 17] [2 25] [4 33] [15 17] [31 10] [28 3] [5 11] [6 6] [26 13] [17 1] [22 6] [19 12] [11 11] [34 2] [22 1] [17 6] [11 6]
 993 [34 0] [16 9] [5 4] [21 8] [1 19] [20 3] [5 34] [7 16] [23 14] [0 11] [34 16] [28 15] [26 1] [34 11] [5 27] [5 11] [28 8] [33 5] [15 0] [15 17]
 996 [3 27] [28 16] [30 9] [19 3] [1 2] [36 6] [5 15] [19 17] [34 1] [1 35] [8 7] [1 21] [12 0] [3 7] [21 11] [37 12] [34 18] [27 3] [11 14] [15 9]
 995 [29 1] [29 7] [9 9] [7 4] [2 9] [1 32] [17 4] [23 18] [32 18] [31 13] [24 7] [34 4] [1 2] [15 9] [39 16] [16 15] [9 16] [24 0] [24 12] [0 14]
 997 [0 1] [5 22] [30 14] [12 12] [24 10] [1 36] [17 16] [6 13] [11 17] [4 28] [6 4] [18 11] [17 4] [30 8] [36 15] [39 2] [24 5] [31 1] [24 0] [24 17]
 994 [28 17] [33 17] [31 12] [23 17] [10 1] [9 7] [22 12] [34 3] [1 11] [16 7] [2 39] [16 12] [1 6] [17 17] [39 2] [21 4] [0 18] [1 33] [28 3] [15 0]
 998 [28 14] [5 29] [15 16] [29 8] [0 8] [34 3] [12 4] [21 12] [24 1] [7 10] [2 19] [17 3] [16 11] [6 5] [0 37] [21 18] [29 1] [22 7] [34 8] [33 14]
 999 [18 16] [7 15] [28 1] [25 8] [15 11] [3 0] [24 18] [25 13] [20 9] [39 15] [21 1] [4 38] [4 22] [16 3] [1 12] [33 0] [0 30] [32 15] [34 8] [8 9]
 1000 [7 0] [27 17] [39 11] [26 5] [27 0] [20 3] [19 16] [34 11] [33 18] [11 16] [0 7] [17 8] [5 12] [31 5] [0 19] [6 7] [29 12] [23 11] [15 2] [32 0]
