 2
 7
 8
 3
 4
 5
 1
 6
 9
 11
 10
 13
 12
 14
 16
 15
 19
 17
 18
 21
 20
 22
 23
 24
 8
 3
 6
 7
 2
 4
 5
 1
 9
 10
 11
 12
 13
 14
 15
 16
 17
 21
 18
 23
 22
 19
 20
 24
 26
 25
 29
 30
 28
 27
 31
 32
 34
 33
 38
 37
 36
 35
 39
 40
 41
 43
 44
 46
 45
 42
 47
 48
 50
 49
 51
 54
 52
 53
 55
 56
 57
 58
 60
 59
 61
 62
 63
 64
 65
 66
 68
 67
 69
 70
 71
 72
 73
 74
 75
 78
 77
 76
 79
 80
 81
 83
 82
 85
 86
 84
 87
 88
 92
 90
 91
 89
 94
 93
 95
 96
 97
 99
 98
 100
 102
 101
 103
 104
 105
 107
 108
 110
 106
 109
 111
 112
 113
 114
 115
 117
 116
 118
 119
 120
 121
 122
 124
 125
 123
 126
 127
 128
 129
 130
 132
 131
 133
 134
 135
 137
 136
 138
 139
 140
 141
 142
 143
 147
 146
 144
 148
 145
 149
 150
 151
 154
 153
 152
 155
 157
 156
 158
 159
 160
 161
 162
 163
 166
 164
 165
 167
 168
 169
 170
 171
 172
 173
 174
 175
 181 [31 38] [25 26] [30 26] [22 29] [31 36] [14 27] [21 12] [19 16] [31 0] [27 30]
 176
 177
 178
 182 [28 12] [13 3] [14 1] [20 23] [35 23] [19 12] [14 4] [16 21] [25 24] [29 22]
 179
 180
 183 [19 9] [26 22] [34 14] [30 34] [15 32] [31 9] [31 32] [33 2] [33 33] [20 29]
 184 [30 25] [22 28] [31 6] [25 32] [33 20] [17 38] [27 11] [30 26] [17 31] [28 4]
 185 [30 33] [33 35] [14 18] [19 31] [14 33] [12 32] [25 37] [24 31] [25 34] [22 28]
 186 [31 12] [27 2] [31 37] [19 21] [39 39] [32 12] [26 8] [25 21] [18 39] [21 22]
 187 [13 29] [11 32] [27 13] [26 20] [23 16] [24 19] [17 3] [27 26] [18 13] [35 31]
 190 [32 11] [21 39] [27 25] [12 25] [27 2] [30 29] [25 21] [21 37] [29 39] [28 37]
 188 [31 1] [25 33] [39 12] [27 22] [31 17] [24 10] [31 5] [11 34] [25 5] [23 39]
 189 [21 2] [26 32] [26 10] [18 29] [34 39] [25 23] [33 13] [20 16] [33 2] [27 1]
 191 [20 22] [34 26] [28 24] [33 32] [25 22] [25 1] [25 13] [22 36] [18 27] [30 37]
 193 [31 4] [32 19] [27 7] [23 18] [25 30] [15 1] [30 11] [30 35] [19 4] [25 24]
 192 [19 15] [23 3] [14 25] [33 16] [32 15] [31 36] [16 21] [22 30] [23 30] [19 6]
 194 [29 21] [14 9] [18 21] [31 0] [24 19] [36 30] [25 15] [21 14] [26 31] [26 2]
 195 [29 7] [28 6] [21 35] [23 10] [26 7] [31 18] [15 37] [20 29] [33 20] [19 28]
 199 [26 16] [20 3] [34 7] [24 10] [26 22] [34 21] [25 21] [26 6] [33 21] [16 16]
 196 [29 1] [25 27] [13 4] [23 29] [27 17] [32 8] [13 38] [30 25] [32 16] [26 25]
 197 [29 27] [31 21] [20 33] [20 5] [25 3] [21 18] [33 17] [26 15] [27 10] [13 19]
 198 [11 1] [28 22] [15 24] [36 25] [34 27] [16 7] [32 2] [24 21] [12 32] [35 29]
 201 [26 9] [19 3] [26 2] [17 13] [30 32] [29 20] [31 29] [14 4] [27 31] [20 22]
 200 [21 37] [18 39] [38 31] [26 38] [28 3] [18 6] [30 15] [20 27] [29 0] [31 7]
 203 [19 27] [24 26] [18 38] [29 37] [20 7] [25 10] [22 24] [28 25] [23 2] [23 37]
 202 [19 30] [29 14] [27 15] [19 17] [30 23] [16 18] [27 8] [22 34] [21 31] [21 7]
 205 [25 25] [37 31] [27 21] [23 25] [30 23] [22 26] [15 1] [20 34] [25 27] [30 21]
 204 [24 33] [28 7] [19 3] [15 30] [30 31] [28 29] [22 9] [34 21] [12 34] [28 33]
 207 [25 33] [21 21] [22 15] [12 33] [24 19] [37 16] [28 26] [11 29] [33 3] [20 24]
 206 [18 4] [28 15] [29 2] [27 18] [30 1] [23 39] [19 4] [15 36] [18 28] [21 23]
 208 [35 33] [27 32] [26 9] [20 25] [29 22] [22 23] [20 38] [30 9] [37 26] [27 3]
 209 [23 11] [23 26] [25 28] [28 6] [15 17] [27 38] [12 23] [29 8] [26 28] [25 3]
 210 [27 19] [16 31] [22 33] [21 33] [29 10] [20 25] [31 7] [28 23] [35 34] [18 5]
 212 [28 11] [30 26] [27 33] [30 33] [23 30] [28 15] [23 20] [33 35] [22 7] [22 19]
 211 [21 13] [23 12] [17 35] [21 29] [14 10] [18 38] [15 33] [27 31] [36 11] [21 24]
 213 [23 27] [26 8] [24 39] [23 22] [19 29] [26 10] [33 36] [24 21] [27 38] [23 11]
 214 [18 39] [24 24] [30 22] [20 2] [24 36] [28 10] [23 22] [31 30] [23 35] [23 8]
 215 [31 9] [19 23] [30 17] [27 23] [28 23] [25 34] [25 32] [19 29] [24 36] [26 36]
 216 [16 37] [24 2] [20 29] [25 18] [18 9] [24 15] [25 34] [16 38] [21 29] [31 39]
 217 [27 6] [20 26] [27 2] [24 33] [24 29] [16 2] [35 25] [16 34] [15 39] [19 20]
 219 [23 38] [24 24] [23 4] [22 1] [23 30] [27 10] [12 38] [27 22] [26 19] [17 28]
 218 [17 20] [27 3] [26 26] [27 26] [28 18] [35 37] [26 31] [35 31] [34 9] [25 21]
 220 [16 9] [15 4] [14 31] [18 36] [22 8] [31 2] [35 7] [23 36] [37 31] [22 37]
 221 [34 36] [38 38] [15 33] [20 8] [30 26] [38 12] [32 38] [34 31] [21 30] [18 5]
 222 [28 16] [36 26] [25 26] [25 11] [27 27] [22 16] [17 26] [19 11] [35 32] [18 3]
 223 [24 33] [21 18] [24 16] [23 26] [35 16] [15 22] [36 14] [16 38] [31 32] [32 39]
 224 [27 34] [32 37] [25 3] [29 2] [34 37] [32 15] [26 34] [34 34] [28 13] [25 35]
 225 [39 10] [32 22] [17 39] [31 25] [32 33] [26 39] [16 3] [22 0] [29 13] [27 13]
 227 [17 27] [26 31] [26 16] [15 8] [25 35] [23 17] [27 30] [23 11] [30 4] [22 26]
 226 [29 39] [30 16] [29 17] [27 36] [33 8] [14 33] [12 36] [34 0] [19 39] [27 32]
 228 [28 20] [30 38] [24 33] [21 0] [24 38] [31 23] [36 11] [16 9] [34 21] [27 14]
 229 [35 27] [27 32] [17 22] [24 14] [25 33] [32 16] [18 27] [34 27] [33 15] [34 37]
 230 [33 34] [28 34] [29 1] [27 26] [20 29] [31 11] [17 1] [26 6] [26 3] [23 18]
 231 [15 8] [35 18] [24 37] [28 34] [20 36] [25 22] [29 39] [22 34] [27 3] [28 38]
 232 [15 18] [22 2] [21 21] [20 2] [19 35] [21 25] [26 38] [33 17] [30 7] [26 24]
 233 [15 27] [29 18] [26 33] [29 15] [22 7] [27 35] [32 13] [26 8] [27 7] [24 13]
 234 [26 36] [28 34] [16 32] [22 28] [22 33] [23 25] [19 25] [22 13] [19 27] [15 8]
 235 [25 39] [20 23] [25 19] [32 0] [20 17] [32 20] [29 10] [30 33] [28 5] [12 16]
 237 [29 31] [25 1] [29 37] [28 20] [13 7] [31 19] [25 3] [28 1] [25 10] [30 29]
 236 [14 2] [34 17] [21 33] [24 1] [27 18] [36 25] [24 38] [17 10] [23 15] [11 7]
 238 [23 20] [25 4] [37 15] [26 10] [13 33] [26 5] [16 34] [26 11] [32 18] [22 8]
 239 [20 23] [28 22] [29 38] [26 37] [25 15] [19 32] [24 39] [22 30] [27 4] [20 35]
 240 [22 5] [33 28] [20 23] [28 16] [19 12] [27 19] [18 35] [30 8] [21 24] [20 24]
 241 [24 7] [20 34] [25 6] [35 24] [25 22] [30 8] [28 26] [38 2] [27 0] [33 17]
 242 [32 7] [31 38] [30 2] [18 19] [24 33] [22 7] [19 21] [26 33] [16 38] [26 28]
 243 [16 24] [33 23] [28 25] [20 7] [25 5] [23 35] [37 37] [28 31] [21 33] [26 17]
 244 [24 7] [26 10] [20 30] [26 35] [33 26] [34 23] [28 3] [34 11] [26 3] [18 14]
 245 [29 6] [12 7] [36 12] [16 31] [31 33] [16 13] [29 17] [19 19] [34 31] [26 16]
 246 [17 15] [20 37] [22 12] [21 15] [28 21] [26 36] [24 34] [22 27] [37 28] [21 5]
 247 [36 5] [26 33] [29 14] [20 31] [30 22] [31 15] [30 35] [32 17] [26 28] [22 27]
 248 [25 27] [20 14] [35 0] [22 12] [22 2] [31 20] [29 15] [23 7] [38 39] [17 8]
 249 [16 20] [24 18] [29 4] [31 20] [24 8] [25 17] [15 16] [27 13] [26 33] [30 8]
 250 [34 35] [18 7] [38 39] [23 12] [29 4] [23 18] [22 28] [24 39] [22 21] [19 10]
 251 [33 14] [26 5] [36 39] [20 28] [28 15] [16 37] [28 36] [35 7] [26 17] [24 10]
 252 [31 22] [28 5] [25 27] [25 14] [18 12] [21 9] [31 21] [27 31] [22 39] [23 23]
 253 [21 32] [27 35] [21 20] [31 2] [14 1] [28 26] [26 39] [18 12] [21 1] [25 1]
 254 [19 35] [26 31] [16 16] [13 25] [27 10] [14 36] [26 16] [33 31] [26 6] [30 9]
 255 [24 15] [24 28] [22 22] [23 2] [26 24] [23 12] [19 0] [17 12] [36 34] [21 31]
 256 [25 23] [28 35] [25 12] [35 0] [35 37] [29 8] [26 30] [39 15] [20 24] [14 32]
 257 [26 4] [22 33] [22 35] [29 14] [23 32] [27 2] [14 4] [25 37] [21 30] [28 24]
 258 [22 38] [29 11] [20 0] [27 26] [25 25] [21 20] [19 27] [33 1] [19 29] [32 6]
 259 [29 19] [26 29] [38 3] [21 20] [27 25] [19 19] [25 29] [35 34] [20 20] [24 27]
 260 [26 9] [21 9] [25 25] [24 24] [25 10] [23 2] [23 23] [21 26] [14 26] [17 32]
 261 [19 16] [25 34] [19 30] [38 8] [21 24] [26 0] [14 39] [30 16] [24 30] [15 0]
 262 [19 5] [29 4] [25 36] [16 2] [19 4] [22 21] [28 10] [30 11] [29 27] [30 7]
 263 [18 15] [25 29] [26 28] [22 27] [26 37] [32 25] [28 17] [18 12] [19 14] [35 2]
 264 [16 12] [19 31] [24 31] [30 11] [23 14] [22 34] [28 26] [17 5] [25 23] [36 7]
 265 [24 6] [24 34] [15 1] [17 9] [27 36] [19 5] [22 6] [25 11] [25 14] [27 26]
 266 [29 3] [21 6] [23 14] [33 3] [24 17] [25 19] [21 17] [28 6] [26 25] [25 18]
 268 [18 18] [31 20] [23 19] [25 29] [28 26] [20 20] [34 32] [15 17] [33 30] [26 1]
 267 [19 19] [21 1] [19 27] [27 21] [26 26] [38 5] [24 19] [27 29] [19 32] [32 4]
 269 [32 2] [39 32] [30 7] [23 26] [26 4] [23 17] [21 0] [27 37] [20 24] [25 2]
 270 [12 4] [34 17] [29 3] [36 28] [15 5] [23 12] [25 6] [13 10] [20 5] [17 33]
 271 [22 4] [11 34] [34 25] [25 15] [17 24] [36 28] [24 31] [28 15] [16 8] [36 3]
 274 [15 11] [18 39] [13 36] [20 13] [30 28] [30 34] [26 22] [33 32] [31 21] [21 32]
 273 [29 9] [27 24] [25 34] [28 23] [23 9] [25 38] [25 19] [33 29] [34 15] [35 21]
 272 [34 11] [13 2] [19 16] [20 10] [24 35] [25 34] [28 30] [23 17] [23 10] [35 10]
 275 [24 31] [30 21] [23 1] [20 27] [25 27] [21 0] [21 1] [17 25] [26 31] [19 6]
 277 [27 38] [20 38] [24 17] [33 14] [21 14] [21 23] [20 27] [29 5] [26 17] [19 8]
 276 [27 22] [31 37] [17 20] [15 24] [23 15] [23 5] [24 6] [19 12] [20 14] [22 2]
 278 [15 19] [32 15] [19 23] [32 39] [29 19] [34 25] [26 12] [13 37] [34 31] [19 1]
 279 [35 25] [13 13] [36 11] [21 30] [17 6] [24 35] [27 10] [17 18] [15 11] [31 28]
 280 [27 36] [15 25] [21 12] [31 23] [24 16] [25 2] [17 21] [19 1] [25 37] [23 8]
 282 [27 37] [34 26] [30 3] [22 33] [20 37] [29 6] [20 23] [17 6] [28 2] [24 1]
 281 [32 33] [20 0] [30 17] [35 9] [25 3] [21 31] [28 5] [23 7] [13 11] [34 10]
 283 [18 38] [31 16] [33 30] [19 33] [17 18] [12 30] [27 13] [38 33] [15 39] [20 34]
 284 [35 12] [27 6] [30 6] [14 17] [26 3] [31 35] [22 34] [26 37] [34 35] [30 34]
 285 [26 7] [20 29] [39 7] [30 19] [24 39] [30 16] [25 35] [22 19] [26 0] [32 22]
 286 [20 13] [14 16] [32 14] [28 9] [24 38] [27 22] [34 21] [23 3] [18 37] [26 24]
 287 [24 34] [30 38] [27 25] [22 2] [14 39] [19 16] [27 26] [25 14] [29 16] [22 26]
 288 [23 17] [24 21] [19 16] [37 24] [24 30] [20 34] [29 39] [20 29] [27 25] [21 38]
 289 [25 30] [26 30] [22 30] [18 21] [32 26] [39 1] [33 16] [24 0] [30 14] [18 30]
 290 [26 35] [25 27] [18 23] [30 39] [24 8] [24 19] [26 6] [28 27] [27 28] [23 13]
 291 [30 5] [31 3] [12 33] [11 18] [14 38] [26 15] [35 17] [30 9] [31 2] [25 19]
 292 [18 31] [19 1] [20 20] [26 31] [22 5] [34 15] [26 26] [28 24] [19 4] [25 25]
 293 [28 28] [36 2] [20 11] [26 24] [19 1] [29 35] [29 24] [27 19] [22 35] [33 27]
 294 [29 19] [24 37] [28 8] [28 7] [21 26] [20 39] [23 33] [28 33] [27 24] [28 9]
 295 [30 35] [24 31] [32 11] [26 34] [22 34] [24 18] [22 37] [23 0] [21 30] [13 26]
 296 [21 14] [21 4] [23 4] [19 5] [30 21] [23 30] [26 27] [25 11] [27 4] [25 33]
 298 [17 9] [19 4] [25 34] [34 12] [24 9] [20 5] [30 39] [23 34] [18 10] [37 27]
 297 [20 1] [25 34] [33 2] [27 28] [18 19] [30 26] [30 15] [25 19] [17 2] [16 16]
 299 [37 2] [32 39] [26 9] [15 1] [32 1] [30 9] [32 28] [11 1] [23 8] [24 30]
 300 [22 7] [23 32] [22 24] [26 0] [30 37] [14 5] [26 27] [28 15] [24 37] [15 10]
 301 [24 25] [23 10] [27 34] [30 18] [19 22] [12 28] [23 22] [17 5] [14 27] [14 22]
 302 [23 9] [22 16] [21 34] [17 32] [27 1] [17 14] [22 0] [35 2] [33 14] [30 16]
 304 [32 23] [15 19] [25 15] [24 13] [24 1] [33 7] [13 39] [31 25] [27 34] [14 36]
 303 [31 5] [18 33] [20 2] [16 18] [21 32] [17 18] [27 36] [15 25] [18 30] [34 12]
 306 [26 14] [30 21] [26 17] [24 22] [26 33] [20 5] [26 18] [26 25] [29 14] [27 35]
 305 [31 18] [31 25] [22 11] [31 39] [27 10] [12 3] [22 3] [22 32] [26 26] [28 15]
 307 [34 34] [24 22] [36 34] [22 38] [30 13] [30 11] [19 12] [23 39] [37 7] [21 28]
 308 [30 9] [32 21] [29 9] [19 9] [15 31] [34 10] [35 15] [24 31] [16 16] [22 36]
 309 [27 1] [25 9] [34 29] [16 35] [30 25] [30 7] [30 29] [17 7] [23 25] [25 3]
 310 [17 28] [26 10] [24 38] [18 5] [33 31] [27 27] [22 5] [20 8] [38 37] [34 20]
 311 [22 12] [14 28] [17 11] [27 25] [29 36] [31 20] [23 30] [27 5] [31 33] [11 9]
 312 [21 3] [16 9] [29 0] [29 7] [17 35] [26 14] [24 2] [30 27] [20 22] [29 28]
 314 [19 39] [26 32] [20 34] [28 32] [20 29] [28 25] [20 6] [25 3] [24 29] [26 14]
 313 [20 10] [20 35] [34 5] [22 39] [19 24] [29 24] [24 24] [22 28] [25 16] [22 19]
 315 [28 24] [21 10] [20 1] [30 14] [23 30] [22 12] [32 15] [25 39] [26 1] [30 27]
 316 [32 35] [16 20] [17 23] [25 2] [33 28] [11 25] [35 31] [25 35] [24 21] [28 8]
 317 [30 22] [23 34] [33 12] [27 30] [30 35] [14 29] [18 15] [22 37] [28 39] [29 34]
 318 [24 36] [26 6] [36 32] [20 10] [21 22] [19 28] [23 3] [29 18] [16 3] [15 17]
 319 [32 33] [31 33] [23 13] [33 37] [28 36] [29 17] [26 39] [31 22] [23 4] [12 22]
 321 [19 39] [18 31] [20 3] [23 4] [29 31] [30 7] [30 13] [22 31] [20 32] [22 11]
 320 [24 16] [20 36] [21 10] [18 27] [30 4] [17 34] [23 11] [26 7] [15 36] [35 37]
 322 [12 34] [24 18] [21 3] [19 24] [18 32] [19 21] [19 23] [33 9] [23 7] [32 21]
 324 [22 18] [19 1] [20 17] [17 18] [31 23] [18 22] [16 27] [35 36] [29 2] [27 2]
 323 [18 2] [25 10] [30 34] [26 21] [32 7] [29 7] [23 25] [32 16] [19 31] [28 14]
 325 [23 20] [29 28] [22 39] [19 24] [25 3] [22 17] [17 25] [30 29] [21 38] [26 19]
 326 [29 15] [23 8] [27 19] [28 15] [27 2] [21 36] [22 34] [19 3] [30 27] [20 3]
 327 [29 12] [24 23] [33 13] [22 37] [29 10] [25 34] [19 31] [29 24] [16 30] [35 9]
 328 [25 11] [25 7] [27 8] [24 21] [17 22] [28 0] [30 26] [29 27] [33 10] [23 5]
 329 [27 23] [27 38] [31 8] [23 19] [25 5] [19 28] [35 30] [26 9] [25 11] [21 16]
 330 [28 27] [17 11] [37 4] [32 25] [14 0] [22 38] [19 8] [21 3] [22 26] [21 18]
 331 [21 30] [14 16] [35 20] [33 21] [23 35] [36 36] [15 24] [32 27] [28 9] [30 4]
 332 [19 14] [36 37] [15 31] [18 39] [21 4] [28 28] [21 27] [21 19] [25 23] [19 34]
 333 [23 1] [29 20] [24 3] [39 37] [22 9] [29 31] [33 23] [25 20] [26 1] [29 10]
 334 [30 30] [14 7] [14 1] [17 0] [16 13] [28 31] [14 13] [27 36] [34 28] [31 33]
 335 [26 20] [31 28] [33 38] [31 21] [23 25] [22 0] [17 0] [28 35] [29 20] [12 2]
 336 [25 10] [17 0] [25 3] [23 28] [29 21] [33 28] [32 34] [19 25] [25 24] [33 20]
 338 [31 2] [35 29] [14 13] [23 16] [35 34] [33 32] [33 5] [29 23] [35 38] [25 33]
 339 [33 35] [30 12] [21 12] [29 26] [14 24] [33 27] [21 25] [22 11] [24 30] [24 6]
 337 [37 28] [21 18] [22 15] [28 4] [23 5] [20 10] [25 2] [21 13] [29 33] [30 26]
 340 [19 9] [22 10] [29 24] [28 36] [14 2] [15 38] [32 18] [28 37] [19 3] [28 4]
 341 [15 19] [22 17] [36 9] [33 9] [33 15] [23 32] [26 31] [22 30] [23 17] [14 38]
 342 [13 25] [27 37] [21 36] [28 25] [30 12] [28 18] [17 39] [26 39] [18 8] [30 21]
 343 [18 19] [24 30] [21 9] [35 17] [34 36] [13 4] [29 5] [32 29] [18 39] [33 9]
 344 [22 24] [18 34] [24 26] [34 31] [33 4] [24 33] [24 11] [23 12] [27 16] [30 16]
 345 [18 10] [24 35] [21 34] [27 27] [28 16] [20 30] [29 12] [14 26] [20 5] [29 0]
 346 [24 33] [27 3] [24 13] [20 35] [19 5] [25 19] [25 12] [25 11] [24 2] [34 23]
 348 [20 38] [18 9] [25 7] [25 33] [20 20] [21 8] [23 22] [25 29] [27 29] [21 22]
 347 [24 2] [26 19] [13 28] [20 19] [13 35] [22 34] [25 5] [25 28] [23 21] [32 37]
 349 [13 30] [21 14] [38 3] [24 34] [36 1] [26 13] [33 3] [26 20] [24 0] [23 10]
 350 [27 20] [33 17] [29 39] [32 34] [26 36] [24 19] [24 35] [20 31] [32 2] [28 35]
 351 [23 19] [26 24] [30 33] [18 3] [22 7] [23 1] [28 6] [26 28] [13 15] [14 32]
 352 [24 28] [30 7] [26 30] [21 33] [22 38] [23 23] [21 21] [33 0] [25 11] [35 14]
 354 [28 11] [27 31] [36 5] [21 9] [24 32] [19 33] [27 36] [37 4] [27 29] [26 22]
 353 [27 38] [20 27] [34 10] [23 16] [29 4] [25 14] [23 19] [24 9] [26 12] [34 6]
 355 [26 32] [23 34] [19 30] [33 29] [16 22] [31 0] [28 27] [19 21] [14 16] [17 2]
 356 [23 34] [24 27] [23 2] [33 13] [29 6] [35 31] [28 0] [27 11] [32 1] [20 34]
 357 [28 30] [24 5] [24 2] [32 3] [35 25] [26 12] [30 24] [21 24] [27 38] [28 14]
 358 [30 7] [17 35] [24 22] [26 31] [34 6] [30 27] [38 31] [29 37] [18 24] [25 35]
 359 [15 12] [30 4] [20 30] [27 31] [24 9] [28 11] [23 13] [20 18] [27 35] [22 20]
 360 [30 37] [20 22] [23 36] [31 21] [24 16] [30 39] [20 1] [27 31] [25 20] [31 19]
